北京,2020-01-01,62,35,56,7,0.8,49,20
北京,2020-01-02,80,51,80,7,1.2,64,16
北京,2020-01-03,82,50,72,8,1.2,65,26
北京,2020-01-04,74,43,66,7,1.1,59,44
北京,2020-01-05,83,61,73,6,1.3,66,13
北京,2020-01-06,75,55,32,3,1,47,30
北京,2020-01-07,30,12,19,4,0.4,22,59
北京,2020-01-08,40,17,25,3,0.5,32,64
北京,2020-01-09,63,35,39,6,0.8,50,39
北京,2020-01-10,43,26,33,6,0.6,34,63
北京,2020-01-11,32,11,20,3,0.4,25,56
北京,2020-01-12,42,19,26,7,0.5,33,50
北京,2020-01-13,31,11,20,4,0.4,18,62
北京,2020-01-14,39,17,25,4,0.4,31,53
北京,2020-01-15,72,49,58,7,0.9,57,25
北京,2020-01-16,60,41,49,7,0.9,48,54
北京,2020-01-17,97,72,79,12,1.5,66,26
北京,2020-01-18,207,157,154,4,2.1,63,27
北京,2020-01-19,60,28,69,2,0.5,24,60
北京,2020-01-20,31,10,27,2,0.3,18,62
北京,2020-01-21,60,43,56,7,0.9,43,44
北京,2020-01-22,89,66,70,8,1.1,52,42
北京,2020-01-23,77,56,63,6,0.9,36,71
北京,2020-01-24,102,76,77,6,0.7,21,73
北京,2020-01-25,193,145,161,10,1,33,69
北京,2020-01-26,202,152,147,11,1.7,38,75
北京,2020-01-27,208,158,137,10,1.8,37,81
北京,2020-01-28,221,171,147,13,2.1,40,109
北京,2020-01-29,94,70,51,7,1,27,81
北京,2020-01-30,64,46,48,5,0.8,27,81
北京,2020-01-31,62,44,47,4,0.8,27,80
北京,2020-02-01,36,9,16,2,0.3,10,72
北京,2020-02-02,45,31,32,2,0.4,11,68
北京,2020-02-03,34,18,28,2,0.4,14,67
北京,2020-02-04,34,10,18,2,0.3,12,67
北京,2020-02-05,38,26,33,3,0.6,18,48
北京,2020-02-06,62,44,38,4,1,25,39
北京,2020-02-07,97,72,52,4,1.1,35,50
北京,2020-02-08,82,60,50,4,0.8,30,70
北京,2020-02-09,160,122,109,4,1.4,43,60
北京,2020-02-10,163,124,103,4,1.4,50,77
北京,2020-02-11,232,182,141,8,2.3,56,97
北京,2020-02-12,257,207,145,5,2.3,48,113
北京,2020-02-13,247,197,142,3,2.1,47,57
北京,2020-02-14,69,50,39,2,0.9,17,59
北京,2020-02-15,35,6,11,2,0.2,5,69
北京,2020-02-16,37,3,8,2,0.2,5,73
北京,2020-02-17,36,7,14,2,0.3,13,72
北京,2020-02-18,42,17,23,3,0.5,33,63
北京,2020-02-19,79,58,51,10,1.2,38,68
北京,2020-02-20,143,109,76,7,1.4,30,66
北京,2020-02-21,100,75,95,3,0.8,21,75
北京,2020-02-22,40,8,16,3,0.2,11,79
北京,2020-02-23,58,41,51,5,0.6,38,58
北京,2020-02-24,83,61,86,8,1,38,52
北京,2020-02-25,70,51,75,10,0.9,26,68
北京,2020-02-26,53,37,47,5,0.6,22,79
北京,2020-02-27,40,28,32,4,0.5,24,56
北京,2020-02-28,88,65,63,3,0.7,29,74
天津,2020-01-01,93,62,97,14,1.2,74,19
天津,2020-01-02,112,84,127,14,1.5,88,15
天津,2020-01-03,188,141,190,28,2.4,107,17
天津,2020-01-04,190,143,160,23,2.5,109,16
天津,2020-01-05,94,57,70,13,1.5,75,10
天津,2020-01-06,104,78,62,9,1.8,66,15
天津,2020-01-07,68,46,40,10,1.2,54,41
天津,2020-01-08,54,15,25,4,0.4,43,62
天津,2020-01-09,125,95,94,10,1.4,82,43
天津,2020-01-10,93,69,67,8,1.1,71,40
天津,2020-01-11,63,25,42,14,0.9,50,52
天津,2020-01-12,84,34,49,10,0.8,67,37
天津,2020-01-13,49,15,27,5,0.5,39,63
天津,2020-01-14,69,29,51,12,1,55,44
天津,2020-01-15,179,135,138,13,1.6,78,65
天津,2020-01-16,276,226,206,15,2.4,89,22
天津,2020-01-17,272,222,196,15,2.5,92,35
天津,2020-01-18,286,236,216,8,2.7,55,24
天津,2020-01-19,94,70,89,7,1.1,45,59
天津,2020-01-20,42,16,26,6,0.5,33,65
天津,2020-01-21,79,43,62,17,1.2,63,35
天津,2020-01-22,211,161,168,11,2,78,44
天津,2020-01-23,204,154,133,11,1.6,53,76
天津,2020-01-24,77,56,50,9,0.6,24,75
天津,2020-01-25,104,78,89,10,0.8,34,76
天津,2020-01-26,266,216,221,12,1.7,43,77
天津,2020-01-27,289,239,227,12,1.9,46,101
天津,2020-01-28,247,197,166,20,2.1,48,84
天津,2020-01-29,108,81,56,11,1.3,35,84
天津,2020-01-30,43,24,28,19,1.3,34,77
天津,2020-01-31,119,90,86,17,1.4,41,91
天津,2020-02-01,40,25,30,7,0.5,18,80
天津,2020-02-02,38,26,24,5,0.5,18,75
天津,2020-02-03,38,24,28,8,0.7,23,75
天津,2020-02-04,40,28,39,12,1.2,31,68
天津,2020-02-05,32,16,26,6,0.5,21,64
天津,2020-02-06,42,29,32,7,0.6,19,62
天津,2020-02-07,132,100,100,6,1.1,28,56
天津,2020-02-08,133,101,92,8,1.2,34,74
天津,2020-02-09,201,151,138,9,1.7,39,59
天津,2020-02-10,219,169,157,13,2,66,87
天津,2020-02-11,166,126,103,10,1.7,71,57
天津,2020-02-12,138,105,87,11,1.3,55,77
天津,2020-02-13,138,105,92,10,1.3,41,47
天津,2020-02-14,57,40,45,4,0.7,13,62
天津,2020-02-15,36,10,9,4,0.4,9,71
天津,2020-02-16,40,6,9,4,0.3,9,79
天津,2020-02-17,38,9,14,5,0.4,17,76
天津,2020-02-18,57,39,47,12,0.8,45,69
天津,2020-02-19,122,92,78,6,1.3,50,57
天津,2020-02-20,122,92,79,6,1.1,34,49
天津,2020-02-21,148,113,115,6,1.1,34,76
天津,2020-02-22,41,9,19,5,0.4,20,82
天津,2020-02-23,66,47,81,14,0.8,47,87
天津,2020-02-24,113,85,111,11,1.3,52,78
天津,2020-02-25,53,37,52,17,1,39,56
天津,2020-02-26,47,26,40,13,0.7,37,64
天津,2020-02-27,45,22,29,12,0.5,36,66
天津,2020-02-28,87,64,52,11,0.9,32,49
上海,2020-01-01,54,14,24,6,0.4,43,60
上海,2020-01-02,82,24,40,7,0.6,65,34
上海,2020-01-03,72,39,40,8,0.6,57,30
上海,2020-01-04,88,65,50,7,0.8,52,61
上海,2020-01-05,63,40,38,7,0.6,50,64
上海,2020-01-06,59,22,31,7,0.7,47,69
上海,2020-01-07,67,34,32,6,1.2,53,27
上海,2020-01-08,59,42,40,6,1.1,44,42
上海,2020-01-09,58,33,31,6,0.8,46,47
上海,2020-01-10,45,16,19,5,0.5,36,53
上海,2020-01-11,49,31,22,6,0.7,39,57
上海,2020-01-12,147,112,83,11,1.4,57,59
上海,2020-01-13,155,118,86,10,1.3,67,65
上海,2020-01-14,156,119,87,9,1.3,64,64
上海,2020-01-15,59,39,27,6,0.6,47,65
上海,2020-01-16,44,11,12,5,0.4,35,63
上海,2020-01-17,59,42,36,6,0.7,41,56
上海,2020-01-18,92,68,53,7,0.9,43,55
上海,2020-01-19,113,85,65,7,1,59,67
上海,2020-01-20,173,131,106,10,1.4,76,103
上海,2020-01-21,128,97,66,6,1,57,113
上海,2020-01-22,104,78,44,5,1.2,55,69
上海,2020-01-23,49,34,21,4,0.7,35,66
上海,2020-01-24,62,44,52,5,0.7,25,97
上海,2020-01-25,35,14,14,4,0.5,21,69
上海,2020-01-26,39,16,20,5,0.6,18,77
上海,2020-01-27,40,24,22,4,0.6,19,79
上海,2020-01-28,110,83,66,6,1.1,25,62
上海,2020-01-29,92,68,55,8,0.9,22,102
上海,2020-01-30,95,71,59,9,1.1,22,98
上海,2020-01-31,68,49,41,9,0.9,34,89
上海,2020-02-01,57,30,26,7,0.7,45,81
上海,2020-02-02,52,36,24,6,0.6,31,101
上海,2020-02-03,82,60,44,6,0.8,39,103
上海,2020-02-04,46,19,21,5,0.5,29,91
上海,2020-02-05,45,27,31,5,0.6,29,89
上海,2020-02-06,40,17,21,4,0.5,15,79
上海,2020-02-07,41,24,24,5,0.6,17,81
上海,2020-02-08,58,41,37,5,0.6,21,79
上海,2020-02-09,104,78,65,6,0.9,31,97
上海,2020-02-10,67,48,42,8,0.7,33,104
上海,2020-02-11,45,26,21,5,0.5,24,89
上海,2020-02-12,68,49,36,6,0.9,43,64
上海,2020-02-13,73,53,32,5,0.8,29,69
上海,2020-02-14,39,18,10,4,0.6,31,66
上海,2020-02-15,30,13,7,4,0.6,24,48
上海,2020-02-16,40,25,36,6,0.6,15,79
上海,2020-02-17,42,17,27,7,0.5,18,84
上海,2020-02-18,42,18,23,8,0.6,27,84
上海,2020-02-19,55,13,20,5,0.3,23,106
上海,2020-02-20,48,16,22,5,0.3,38,90
上海,2020-02-21,46,29,31,6,0.5,33,91
上海,2020-02-22,93,69,96,9,0.7,33,115
上海,2020-02-23,56,27,53,5,0.4,24,107
上海,2020-02-24,75,38,69,8,0.6,26,129
上海,2020-02-25,65,47,52,7,0.8,35,86
上海,2020-02-26,44,28,36,4,0.6,19,87
上海,2020-02-27,47,29,44,5,0.6,21,94
上海,2020-02-28,52,36,42,5,0.8,37,76
重庆,2020-01-01,88,65,92,10,1,50,26
重庆,2020-01-02,98,73,111,10,1.1,59,14
重庆,2020-01-03,109,82,124,12,1.1,62,28
重庆,2020-01-04,119,90,126,11,1.1,54,18
重庆,2020-01-05,60,43,54,7,1,39,16
重庆,2020-01-06,65,47,61,6,0.9,41,13
重庆,2020-01-07,55,39,55,7,1,42,57
重庆,2020-01-08,64,39,56,7,1.1,51,28
重庆,2020-01-09,50,27,37,6,1.1,40,15
重庆,2020-01-10,48,32,47,7,1.2,38,14
重庆,2020-01-11,57,40,60,9,1.2,44,38
重庆,2020-01-12,60,43,63,9,1.2,45,46
重庆,2020-01-13,69,50,76,11,1.1,55,19
重庆,2020-01-14,67,48,67,10,0.9,44,13
重庆,2020-01-15,48,31,45,10,0.8,38,26
重庆,2020-01-16,67,48,72,8,1,42,9
重庆,2020-01-17,73,53,77,9,1.1,42,19
重庆,2020-01-18,72,52,73,10,1.1,43,14
重庆,2020-01-19,92,68,93,7,1.1,44,41
重庆,2020-01-20,88,65,84,9,1,40,38
重庆,2020-01-21,83,61,80,8,1,35,29
重庆,2020-01-22,84,62,81,8,1.1,40,37
重庆,2020-01-23,89,66,83,7,1,34,33
重庆,2020-01-24,77,56,69,6,0.9,22,24
重庆,2020-01-25,53,37,45,6,0.7,18,28
重庆,2020-01-26,54,38,47,6,0.8,17,36
重庆,2020-01-27,43,30,36,7,0.8,19,51
重庆,2020-01-28,32,22,27,7,0.8,19,50
重庆,2020-01-29,50,35,43,8,0.8,19,77
重庆,2020-01-30,74,54,67,10,1,27,47
重庆,2020-01-31,75,55,65,7,1,26,42
重庆,2020-02-01,54,38,46,7,0.8,21,37
重庆,2020-02-02,63,45,56,6,0.8,19,34
重庆,2020-02-03,52,36,44,5,0.7,19,36
重庆,2020-02-04,46,32,41,6,0.8,20,59
重庆,2020-02-05,55,39,47,7,0.8,21,45
重庆,2020-02-06,57,40,48,5,0.7,15,45
重庆,2020-02-07,43,30,38,6,0.8,17,49
重庆,2020-02-08,58,41,51,6,0.8,23,34
重庆,2020-02-09,84,62,73,5,1,22,43
重庆,2020-02-10,79,58,69,8,1,28,41
重庆,2020-02-11,75,55,68,7,0.9,26,49
重庆,2020-02-12,70,51,63,7,0.8,24,81
重庆,2020-02-13,84,62,71,6,0.8,24,81
重庆,2020-02-14,102,76,91,7,0.9,25,75
重庆,2020-02-15,44,27,44,5,0.4,9,64
重庆,2020-02-16,47,24,47,6,0.4,12,84
重庆,2020-02-17,52,35,54,7,0.6,25,69
重庆,2020-02-18,77,56,78,9,0.7,30,52
重庆,2020-02-19,113,85,104,6,0.8,23,76
重庆,2020-02-20,93,69,85,6,0.7,26,46
重庆,2020-02-21,113,85,107,6,0.7,23,47
重庆,2020-02-22,90,67,82,7,0.8,28,41
重庆,2020-02-23,105,79,99,6,1,31,22
重庆,2020-02-24,69,50,62,5,0.9,26,31
重庆,2020-02-25,68,49,64,6,1,30,45
重庆,2020-02-26,62,44,58,7,1,31,22
重庆,2020-02-27,65,47,61,6,1,32,13
重庆,2020-02-28,32,22,30,5,0.9,25,46
石家庄,2020-01-01,94,70,137,26,1.5,65,20
石家庄,2020-01-02,137,104,182,29,2,81,15
石家庄,2020-01-03,201,151,243,47,3.2,100,17
石家庄,2020-01-04,243,193,289,41,3.6,110,15
石家庄,2020-01-05,199,149,202,23,2.7,91,11
石家庄,2020-01-06,129,98,117,11,1.7,55,47
石家庄,2020-01-07,125,95,114,11,1.6,50,35
石家庄,2020-01-08,143,109,137,16,2,64,43
石家庄,2020-01-09,209,159,215,11,3.2,72,21
石家庄,2020-01-10,247,197,270,11,3.4,88,20
石家庄,2020-01-11,186,140,194,13,2.3,80,26
石家庄,2020-01-12,188,141,195,15,1.9,77,38
石家庄,2020-01-13,248,198,261,16,2.4,92,22
石家庄,2020-01-14,158,120,167,18,1.7,75,43
石家庄,2020-01-15,282,232,319,14,3,93,13
石家庄,2020-01-16,312,262,365,18,3.2,100,14
石家庄,2020-01-17,317,267,377,17,3.5,92,13
石家庄,2020-01-18,249,199,334,15,4.7,82,17
石家庄,2020-01-19,115,87,170,17,2.3,62,52
石家庄,2020-01-20,63,43,76,13,0.9,41,66
石家庄,2020-01-21,85,63,105,17,1.3,56,45
石家庄,2020-01-22,134,102,155,19,2,58,47
石家庄,2020-01-23,213,163,224,20,2.7,60,73
石家庄,2020-01-24,166,126,169,14,1.5,31,81
石家庄,2020-01-25,219,169,220,18,1.6,36,75
石家庄,2020-01-26,257,207,259,15,2,32,79
石家庄,2020-01-27,220,170,211,19,1.7,34,90
石家庄,2020-01-28,250,200,245,20,2.2,32,92
石家庄,2020-01-29,219,169,210,19,1.9,30,98
石家庄,2020-01-30,172,130,164,21,1.7,34,100
石家庄,2020-01-31,196,147,188,19,2,45,91
石家庄,2020-02-01,110,83,114,9,1.2,25,78
石家庄,2020-02-02,83,61,90,8,0.9,19,72
石家庄,2020-02-03,107,80,110,9,1.1,23,82
石家庄,2020-02-04,92,68,99,8,1.1,23,74
石家庄,2020-02-05,49,32,49,8,0.6,14,67
石家庄,2020-02-06,72,52,69,6,0.6,11,52
石家庄,2020-02-07,147,112,143,9,1.3,24,39
石家庄,2020-02-08,215,165,210,11,2,35,61
石家庄,2020-02-09,130,99,137,11,1.7,30,84
石家庄,2020-02-10,90,67,97,21,1.2,34,109
石家庄,2020-02-11,145,111,149,20,1.5,36,128
石家庄,2020-02-12,220,170,215,20,2.2,48,128
石家庄,2020-02-13,258,208,255,13,2.4,40,104
石家庄,2020-02-14,99,74,91,5,1.2,17,50
石家庄,2020-02-15,37,16,34,5,0.2,7,73
石家庄,2020-02-16,41,11,26,5,0.2,8,81
石家庄,2020-02-17,39,15,25,8,0.3,17,77
石家庄,2020-02-18,58,41,64,24,1,42,76
石家庄,2020-02-19,58,41,64,24,1,42,76
石家庄,2020-02-20,199,149,184,6,1.6,43,40
石家庄,2020-02-21,108,81,138,8,0.9,32,80
石家庄,2020-02-22,45,18,45,9,0.4,19,78
石家庄,2020-02-23,81,56,111,20,1.2,47,75
石家庄,2020-02-24,122,92,152,17,1.4,45,68
石家庄,2020-02-25,100,75,118,9,0.9,23,66
石家庄,2020-02-26,64,45,77,8,0.7,26,59
石家庄,2020-02-27,54,36,57,10,0.6,28,63
石家庄,2020-02-28,129,98,128,8,1.5,35,32
太原,2020-01-01,110,83,140,57,2,69,15
太原,2020-01-02,158,120,196,51,2.2,83,13
太原,2020-01-03,216,166,251,66,2.6,97,12
太原,2020-01-04,134,102,150,37,1.8,78,18
太原,2020-01-05,139,106,134,23,1.4,52,43
太原,2020-01-06,202,152,162,23,1.8,56,36
太原,2020-01-07,99,74,83,30,1.1,39,62
太原,2020-01-08,140,107,124,22,1.3,47,38
太原,2020-01-09,231,181,220,25,1.8,57,25
太原,2020-01-10,202,152,193,28,1.8,62,54
太原,2020-01-11,241,191,234,57,1.9,76,27
太原,2020-01-12,299,249,292,46,2.3,86,35
太原,2020-01-13,175,132,155,31,1.5,63,52
太原,2020-01-14,84,62,84,23,1.1,63,41
太原,2020-01-15,149,114,152,32,1.6,77,30
太原,2020-01-16,201,151,192,47,2,93,16
太原,2020-01-17,224,174,212,47,1.9,84,52
太原,2020-01-18,114,86,117,32,1.2,51,74
太原,2020-01-19,62,25,74,17,0.7,29,74
太原,2020-01-20,65,38,80,16,0.9,51,56
太原,2020-01-21,110,83,136,35,1.3,65,53
太原,2020-01-22,205,155,209,36,1.9,72,49
太原,2020-01-23,137,104,134,26,1.5,57,59
太原,2020-01-24,138,105,133,23,1.4,32,93
太原,2020-01-25,267,217,252,38,1.9,41,86
太原,2020-01-26,124,94,108,25,1.2,25,97
太原,2020-01-27,108,81,95,18,1,26,84
太原,2020-01-28,129,98,112,22,1.1,28,88
太原,2020-01-29,100,75,89,20,1,32,88
太原,2020-01-30,89,66,83,26,1,36,82
太原,2020-01-31,93,69,88,34,1.1,41,85
太原,2020-02-01,89,66,88,28,1.1,29,80
太原,2020-02-02,54,38,54,14,0.7,19,86
太原,2020-02-03,57,40,63,38,0.9,31,76
太原,2020-02-04,62,44,65,26,1,32,82
太原,2020-02-05,94,70,93,18,1.1,26,68
太原,2020-02-06,140,107,138,30,1.3,32,37
太原,2020-02-07,214,164,201,38,1.7,43,70
太原,2020-02-08,212,162,186,40,1.6,43,82
太原,2020-02-09,143,109,129,40,1.3,36,92
太原,2020-02-10,69,50,70,31,1,39,90
太原,2020-02-11,84,62,85,32,1.1,45,92
太原,2020-02-12,117,88,115,34,1.2,47,108
太原,2020-02-13,114,86,111,32,1.3,48,99
太原,2020-02-14,58,20,65,7,0.4,10,82
太原,2020-02-15,37,10,37,6,0.3,8,73
太原,2020-02-16,40,13,31,9,0.4,12,80
太原,2020-02-17,50,32,50,25,0.7,31,77
太原,2020-02-18,64,46,70,36,0.9,50,66
太原,2020-02-19,77,56,96,26,1,54,83
太原,2020-02-20,107,80,137,31,1.1,48,60
太原,2020-02-21,67,29,83,13,0.6,27,86
太原,2020-02-22,56,27,62,18,0.6,34,82
太原,2020-02-23,99,74,131,42,1.1,61,95
太原,2020-02-24,137,104,162,33,1.7,73,17
太原,2020-02-25,193,145,186,12,1.6,58,65
太原,2020-02-26,142,108,142,13,1.4,44,54
太原,2020-02-27,95,71,82,7,1.2,38,27
太原,2020-02-28,206,156,178,24,1.7,50,66
西安,2020-01-01,117,88,134,19,1.3,53,16
西安,2020-01-02,149,114,148,21,1.4,61,14
西安,2020-01-03,209,159,186,22,1.7,82,30
西安,2020-01-04,252,202,224,23,1.9,81,40
西安,2020-01-05,152,116,127,12,1.7,59,14
西安,2020-01-06,125,95,102,9,1.7,50,14
西安,2020-01-07,102,76,91,11,1,42,70
西安,2020-01-08,149,114,126,11,1.4,50,21
西安,2020-01-09,234,184,208,11,2.1,49,7
西安,2020-01-10,190,143,141,10,2.1,46,23
西安,2020-01-11,130,99,102,10,1.4,47,47
西安,2020-01-12,155,118,131,14,1.4,61,26
西安,2020-01-13,213,163,179,14,1.7,61,36
西安,2020-01-14,118,89,110,14,1.2,50,39
西安,2020-01-15,204,154,156,12,1.5,55,15
西安,2020-01-16,220,170,167,11,1.9,56,19
西安,2020-01-17,247,197,213,10,2,70,14
西安,2020-01-18,238,188,206,9,1.7,68,30
西安,2020-01-19,68,45,85,10,0.8,48,73
西安,2020-01-20,80,59,100,17,1,50,65
西安,2020-01-21,124,94,120,18,1.4,51,58
西安,2020-01-22,210,160,174,16,1.6,57,63
西安,2020-01-23,277,227,233,15,1.9,58,47
西安,2020-01-24,266,216,224,14,1.8,34,58
西安,2020-01-25,278,228,228,12,1.8,25,62
西安,2020-01-26,201,151,152,9,1.4,20,66
西安,2020-01-27,97,72,70,8,1,17,70
西安,2020-01-28,77,56,57,9,1.1,22,79
西安,2020-01-29,87,64,68,11,1,24,91
西安,2020-01-30,97,72,77,12,1,30,106
西安,2020-01-31,155,118,120,15,1.3,32,108
西安,2020-02-01,185,139,136,17,1.5,31,90
西安,2020-02-02,83,61,68,10,0.8,16,92
西安,2020-02-03,64,46,56,14,0.9,23,90
西安,2020-02-04,127,96,96,14,1.1,29,110
西安,2020-02-05,168,127,132,11,1.3,21,80
西安,2020-02-06,95,71,69,6,1,18,30
西安,2020-02-07,99,74,68,8,1,18,45
西安,2020-02-08,85,63,62,10,1.1,24,72
西安,2020-02-09,142,108,112,12,1.2,35,100
西安,2020-02-10,134,102,104,15,1.2,36,110
西安,2020-02-11,172,130,128,14,1.4,40,129
西安,2020-02-12,182,137,138,14,1.4,40,132
西安,2020-02-13,172,130,133,13,1.3,39,128
西安,2020-02-14,126,28,201,7,0.4,12,72
西安,2020-02-15,57,16,63,6,0.4,8,78
西安,2020-02-16,45,23,35,9,0.5,16,90
西安,2020-02-17,45,30,38,11,0.6,23,89
西安,2020-02-18,78,57,61,13,0.8,38,95
西安,2020-02-19,92,68,79,13,0.9,38,110
西安,2020-02-20,96,70,142,12,0.8,27,67
西安,2020-02-21,86,41,121,8,0.6,24,85
西安,2020-02-22,87,46,124,12,0.8,33,86
西安,2020-02-23,104,78,131,12,0.9,45,104
西安,2020-02-24,98,73,108,11,0.9,40,101
西安,2020-02-25,158,120,144,18,1.4,49,128
西安,2020-02-26,150,115,146,9,1.2,30,90
西安,2020-02-27,33,23,28,6,0.9,21,34
西安,2020-02-28,48,33,34,5,0.9,26,35
济南,2020-01-01,72,52,88,23,0.9,43,49
济南,2020-01-02,135,103,155,39,1.7,64,41
济南,2020-01-03,200,150,213,38,2.2,77,37
济南,2020-01-04,252,202,261,30,2.3,78,56
济南,2020-01-05,243,193,233,20,2.3,73,41
济南,2020-01-06,122,92,106,9,1.8,55,12
济南,2020-01-07,57,36,37,10,1.4,45,51
济南,2020-01-08,80,59,71,17,1.2,50,58
济南,2020-01-09,99,74,100,29,1.8,68,29
济南,2020-01-10,140,107,139,28,1.8,70,37
济南,2020-01-11,178,134,173,22,1.8,66,32
济南,2020-01-12,127,96,133,23,1.8,61,30
济南,2020-01-13,156,119,155,24,1.9,61,32
济南,2020-01-14,82,60,88,19,1,50,56
济南,2020-01-15,99,74,117,26,1.4,61,37
济南,2020-01-16,150,115,170,46,1.8,76,31
济南,2020-01-17,218,168,217,29,1.9,63,43
济南,2020-01-18,207,157,195,20,1.4,39,74
济南,2020-01-19,208,158,215,19,1.6,51,63
济南,2020-01-20,119,90,153,26,1.5,53,63
济南,2020-01-21,122,92,148,26,1.4,47,89
济南,2020-01-22,149,114,165,25,1.6,56,74
济南,2020-01-23,210,160,210,21,1.8,47,67
济南,2020-01-24,150,115,151,17,1.3,29,80
济南,2020-01-25,95,71,95,28,1.1,31,81
济南,2020-01-26,129,98,123,28,1.4,30,68
济南,2020-01-27,88,65,80,15,0.9,19,81
济南,2020-01-28,117,88,106,24,1.3,29,106
济南,2020-01-29,168,127,147,17,1.5,28,92
济南,2020-01-30,99,74,96,20,1.1,30,84
济南,2020-01-31,93,69,86,20,1,24,122
济南,2020-02-01,129,98,124,24,1.4,31,102
济南,2020-02-02,103,77,98,20,1.2,26,85
济南,2020-02-03,63,45,59,14,0.8,18,95
济南,2020-02-04,90,67,93,14,0.9,20,83
济南,2020-02-05,39,23,39,15,0.7,16,67
济南,2020-02-06,84,62,78,14,1,24,43
济南,2020-02-07,102,76,87,15,0.9,21,60
济南,2020-02-08,110,83,96,12,0.9,23,78
济南,2020-02-09,137,104,123,17,1.1,23,107
济南,2020-02-10,88,65,85,15,0.9,25,118
济南,2020-02-11,72,52,69,14,0.8,26,112
济南,2020-02-12,74,54,70,12,0.8,22,103
济南,2020-02-13,65,47,64,11,0.8,19,106
济南,2020-02-14,52,36,47,7,0.9,18,53
济南,2020-02-15,38,20,26,8,0.6,12,76
济南,2020-02-16,41,14,27,10,0.6,13,82
济南,2020-02-17,41,14,25,12,0.6,19,82
济南,2020-02-18,55,23,40,11,0.6,16,106
济南,2020-02-19,59,33,51,13,0.7,23,110
济南,2020-02-20,87,64,91,15,1,39,81
济南,2020-02-21,127,96,153,13,1.1,36,92
济南,2020-02-22,59,23,68,9,0.5,23,88
济南,2020-02-23,78,42,105,10,0.6,20,124
济南,2020-02-24,98,73,118,8,1.1,44,85
济南,2020-02-25,80,59,75,4,0.8,27,48
济南,2020-02-26,70,51,89,9,0.8,31,71
济南,2020-02-27,48,28,48,12,0.8,33,56
济南,2020-02-28,64,46,53,7,0.9,31,74
沈阳,2020-01-01,109,82,116,34,1.5,61,30
沈阳,2020-01-02,214,164,216,53,2.6,84,22
沈阳,2020-01-03,204,154,204,60,3.4,94,22
沈阳,2020-01-04,207,157,200,38,2.7,88,33
沈阳,2020-01-05,198,148,192,50,2.3,85,36
沈阳,2020-01-06,90,67,91,55,1.9,63,24
沈阳,2020-01-07,140,107,126,18,1,35,69
沈阳,2020-01-08,59,42,55,17,0.6,34,55
沈阳,2020-01-09,107,80,96,26,1.2,63,43
沈阳,2020-01-10,145,111,145,38,2,72,34
沈阳,2020-01-11,62,44,61,21,0.7,49,44
沈阳,2020-01-12,97,72,96,24,1,56,41
沈阳,2020-01-13,89,66,90,28,1.2,53,43
沈阳,2020-01-14,132,100,127,25,1.2,68,40
沈阳,2020-01-15,165,125,170,38,2.1,76,27
沈阳,2020-01-16,147,112,146,25,1.6,72,41
沈阳,2020-01-17,163,124,168,35,1.9,76,37
沈阳,2020-01-18,200,150,200,45,2.7,89,35
沈阳,2020-01-19,84,62,87,19,1.2,49,62
沈阳,2020-01-20,68,49,68,21,1.2,48,68
沈阳,2020-01-21,58,39,66,24,1.2,39,69
沈阳,2020-01-22,129,98,129,24,1.3,48,45
沈阳,2020-01-23,99,74,105,18,1,34,76
沈阳,2020-01-24,84,62,81,24,0.6,29,66
沈阳,2020-01-25,315,265,325,74,1.6,51,51
沈阳,2020-01-26,257,207,237,30,1.5,47,70
沈阳,2020-01-27,138,105,131,43,1.8,52,53
沈阳,2020-01-28,235,185,218,26,1.8,41,107
沈阳,2020-01-29,115,87,107,19,0.9,18,92
沈阳,2020-01-30,63,45,58,14,0.6,19,80
沈阳,2020-01-31,201,151,178,29,1.5,58,65
沈阳,2020-02-01,110,83,105,16,1.2,40,69
沈阳,2020-02-02,52,36,50,18,0.8,30,56
沈阳,2020-02-03,55,39,53,17,0.8,31,61
沈阳,2020-02-04,32,17,31,11,0.5,14,64
沈阳,2020-02-05,31,17,31,12,0.5,13,59
沈阳,2020-02-06,107,80,96,30,1.3,35,52
沈阳,2020-02-07,67,48,63,22,1,28,71
沈阳,2020-02-08,85,63,84,27,1.1,32,76
沈阳,2020-02-09,149,114,157,26,1.9,40,81
沈阳,2020-02-10,208,158,210,30,2.8,57,79
沈阳,2020-02-11,103,77,103,18,1.1,21,104
沈阳,2020-02-12,57,40,53,15,0.9,22,97
沈阳,2020-02-13,93,69,85,16,1.1,25,80
沈阳,2020-02-14,38,20,38,7,0.4,12,52
沈阳,2020-02-15,63,22,75,10,0.5,15,62
沈阳,2020-02-16,79,16,108,8,0.4,9,69
沈阳,2020-02-17,38,18,38,12,0.5,19,67
沈阳,2020-02-18,84,62,82,35,1.6,49,55
沈阳,2020-02-19,112,84,101,26,1.3,54,69
沈阳,2020-02-20,120,91,114,37,1.6,55,75
沈阳,2020-02-21,97,72,87,12,1.4,39,53
沈阳,2020-02-22,39,14,32,11,0.4,21,78
沈阳,2020-02-23,51,28,52,22,1.1,33,79
沈阳,2020-02-24,51,34,52,15,0.6,32,70
沈阳,2020-02-25,40,23,33,12,0.4,18,80
沈阳,2020-02-26,43,30,39,10,0.5,21,77
沈阳,2020-02-27,62,44,65,22,0.9,43,87
沈阳,2020-02-28,59,42,63,17,0.8,35,62
长春,2020-01-01,103,77,88,28,1.1,53,40
长春,2020-01-02,125,95,106,27,1.3,51,51
长春,2020-01-03,152,116,121,39,1.5,69,45
长春,2020-01-04,178,134,138,34,1.6,74,53
长春,2020-01-05,119,90,95,25,1.2,57,53
长春,2020-01-06,94,70,72,23,1.2,52,50
长春,2020-01-07,208,158,154,27,1.4,48,44
长春,2020-01-08,87,64,70,24,0.8,36,47
长春,2020-01-09,112,84,84,27,1,52,45
长春,2020-01-10,133,101,104,27,1.1,53,52
长春,2020-01-11,129,98,101,28,1,60,51
长春,2020-01-12,173,131,131,22,1.4,61,46
长春,2020-01-13,128,97,100,26,1.1,55,44
长春,2020-01-14,219,169,164,30,1.7,78,29
长春,2020-01-15,175,132,129,27,1.5,65,52
长春,2020-01-16,222,172,169,26,1.6,74,48
长春,2020-01-17,166,126,130,23,1.5,66,55
长春,2020-01-18,169,128,130,30,1.5,64,65
长春,2020-01-19,200,150,139,27,1.5,57,84
长春,2020-01-20,127,96,103,23,1.1,53,63
长春,2020-01-21,52,28,54,18,0.7,26,71
长春,2020-01-22,114,86,91,28,1,45,64
长春,2020-01-23,127,96,97,18,1,35,84
长春,2020-01-24,93,69,81,26,0.8,31,63
长春,2020-01-25,259,209,190,26,1.3,36,79
长春,2020-01-26,261,211,206,21,1.7,35,91
长春,2020-01-27,163,124,124,25,1.5,51,79
长春,2020-01-28,237,187,184,35,1.8,47,114
长春,2020-01-29,110,83,96,30,1,26,85
长春,2020-01-30,97,72,75,27,0.8,32,78
长春,2020-01-31,206,156,148,22,1.4,54,79
长春,2020-02-01,135,103,112,18,1.1,28,77
长春,2020-02-02,38,26,36,17,0.6,17,61
长春,2020-02-03,50,35,40,14,0.7,18,68
长春,2020-02-04,38,26,29,14,0.5,12,64
长春,2020-02-05,78,57,61,18,0.8,21,66
长春,2020-02-06,73,53,53,20,0.8,21,75
长春,2020-02-07,78,57,63,19,0.8,23,78
长春,2020-02-08,99,74,86,24,0.8,32,77
长春,2020-02-09,79,58,64,22,0.7,19,88
长春,2020-02-10,80,59,65,26,0.7,30,78
长春,2020-02-11,80,59,65,19,0.8,16,119
长春,2020-02-12,73,53,54,15,0.9,27,108
长春,2020-02-13,79,58,62,11,0.9,21,63
长春,2020-02-14,30,13,20,11,0.3,10,60
长春,2020-02-15,36,25,30,20,0.4,15,69
长春,2020-02-16,36,19,29,11,0.4,8,71
长春,2020-02-17,38,26,29,13,0.5,17,64
长春,2020-02-18,53,37,45,14,0.7,24,70
长春,2020-02-19,57,40,48,12,0.7,28,76
长春,2020-02-20,62,44,51,11,0.8,27,84
长春,2020-02-21,77,56,56,14,0.8,28,66
长春,2020-02-22,46,31,46,9,0.5,18,65
长春,2020-02-23,43,28,43,12,0.6,21,83
长春,2020-02-24,38,24,33,11,0.5,25,76
长春,2020-02-25,52,36,38,16,0.5,23,81
长春,2020-02-26,52,36,40,13,0.6,27,75
长春,2020-02-27,52,36,46,11,0.7,30,77
长春,2020-02-28,59,42,48,10,0.7,23,64
哈尔滨,2020-01-01,122,92,102,35,1,44,42
哈尔滨,2020-01-02,180,136,151,41,1.3,58,51
哈尔滨,2020-01-03,213,163,177,49,1.4,71,40
哈尔滨,2020-01-04,327,277,283,55,2,90,42
哈尔滨,2020-01-05,199,149,161,53,1.2,75,61
哈尔滨,2020-01-06,176,133,142,49,1.5,83,33
哈尔滨,2020-01-07,178,134,137,39,1.2,63,36
哈尔滨,2020-01-08,88,65,77,31,0.8,48,40
哈尔滨,2020-01-09,189,142,141,48,1.2,63,41
哈尔滨,2020-01-10,198,148,148,38,1.3,63,54
哈尔滨,2020-01-11,307,257,254,44,1.8,79,43
哈尔滨,2020-01-12,262,212,216,43,1.2,74,55
哈尔滨,2020-01-13,211,161,166,37,1.2,62,47
哈尔滨,2020-01-14,320,270,267,48,1.9,85,38
哈尔滨,2020-01-15,253,203,217,54,1.6,82,43
哈尔滨,2020-01-16,262,212,217,45,1.4,65,58
哈尔滨,2020-01-17,234,184,190,48,1.5,74,61
哈尔滨,2020-01-18,271,221,237,52,1.9,87,60
哈尔滨,2020-01-19,257,207,209,46,1.7,78,62
哈尔滨,2020-01-20,320,270,284,48,1.7,67,95
哈尔滨,2020-01-21,77,56,77,28,0.7,37,79
哈尔滨,2020-01-22,135,103,111,31,1.2,52,62
哈尔滨,2020-01-23,132,100,110,29,1.2,40,87
哈尔滨,2020-01-24,77,56,64,30,0.8,25,74
哈尔滨,2020-01-25,165,125,143,44,1.3,48,64
哈尔滨,2020-01-26,226,176,187,56,1.4,43,102
哈尔滨,2020-01-27,163,124,141,47,1.4,59,78
哈尔滨,2020-01-28,201,151,170,47,1.5,50,90
哈尔滨,2020-01-29,58,41,56,29,0.7,22,77
哈尔滨,2020-01-30,94,70,75,28,1,36,68
哈尔滨,2020-01-31,225,175,186,50,1.7,58,76
哈尔滨,2020-02-01,216,166,185,50,1.4,45,97
哈尔滨,2020-02-02,40,28,38,34,0.6,18,71
哈尔滨,2020-02-03,65,47,55,36,0.8,23,72
哈尔滨,2020-02-04,69,50,61,24,0.8,23,64
哈尔滨,2020-02-05,77,56,61,27,0.8,20,66
哈尔滨,2020-02-06,82,60,63,34,0.7,24,78
哈尔滨,2020-02-07,120,91,100,38,0.9,32,87
哈尔滨,2020-02-08,127,96,108,41,0.9,30,83
哈尔滨,2020-02-09,93,69,85,31,0.7,23,98
哈尔滨,2020-02-10,139,106,119,36,0.9,32,99
哈尔滨,2020-02-11,85,63,74,33,0.8,27,118
哈尔滨,2020-02-12,107,80,84,29,1,28,94
哈尔滨,2020-02-13,84,62,72,25,0.9,28,69
哈尔滨,2020-02-14,39,17,20,19,0.6,14,77
哈尔滨,2020-02-15,83,61,69,29,0.9,28,92
哈尔滨,2020-02-16,39,18,23,16,0.5,13,77
哈尔滨,2020-02-17,38,25,31,22,0.7,19,75
哈尔滨,2020-02-18,52,36,43,22,0.7,21,88
哈尔滨,2020-02-19,78,57,63,24,0.9,32,99
哈尔滨,2020-02-20,94,70,72,28,0.8,33,94
哈尔滨,2020-02-21,78,57,63,24,0.8,34,67
哈尔滨,2020-02-22,43,29,43,21,0.5,25,84
哈尔滨,2020-02-23,60,43,53,23,0.7,29,95
哈尔滨,2020-02-24,64,46,50,19,0.7,26,106
哈尔滨,2020-02-25,79,58,62,22,0.8,30,97
哈尔滨,2020-02-26,79,58,64,21,0.8,26,100
哈尔滨,2020-02-27,97,72,76,25,0.9,34,112
哈尔滨,2020-02-28,57,40,47,19,0.7,25,81
南京,2020-01-01,70,36,60,6,0.6,56,35
南京,2020-01-02,78,46,68,6,0.7,62,15
南京,2020-01-03,57,40,61,3,0.5,44,17
南京,2020-01-04,135,103,142,9,1.1,75,18
南京,2020-01-05,92,68,92,7,0.8,50,52
南京,2020-01-06,65,34,46,6,0.9,52,9
南京,2020-01-07,50,17,19,4,1.3,40,17
南京,2020-01-08,59,42,50,11,0.7,34,49
南京,2020-01-09,65,34,40,4,0.7,52,35
南京,2020-01-10,57,29,34,4,0.6,45,33
南京,2020-01-11,46,32,38,4,0.7,34,52
南京,2020-01-12,140,107,134,5,1.3,47,77
南京,2020-01-13,159,121,167,7,1.6,75,42
南京,2020-01-14,176,133,168,9,1.4,59,69
南京,2020-01-15,92,68,90,7,0.8,54,44
南京,2020-01-16,39,16,15,7,0.4,31,50
南京,2020-01-17,74,54,68,6,0.6,36,48
南京,2020-01-18,90,67,82,5,0.6,39,56
南京,2020-01-19,109,82,105,6,0.8,46,91
南京,2020-01-20,115,87,126,10,1.2,64,108
南京,2020-01-21,153,117,153,6,1.1,48,84
南京,2020-01-22,95,71,92,5,0.8,44,47
南京,2020-01-23,35,24,34,4,0.3,24,65
南京,2020-01-24,65,47,68,4,0.5,18,84
南京,2020-01-25,37,22,37,3,0.4,13,62
南京,2020-01-26,40,23,25,3,0.5,15,80
南京,2020-01-27,70,51,56,4,0.8,18,64
南京,2020-01-28,88,65,73,4,0.7,17,67
南京,2020-01-29,74,54,62,5,0.6,17,99
南京,2020-01-30,127,96,114,6,1.2,22,111
南京,2020-01-31,107,80,96,7,1.1,37,114
南京,2020-02-01,57,40,46,5,0.7,24,103
南京,2020-02-02,52,19,24,6,0.6,25,102
南京,2020-02-03,93,69,87,7,0.9,34,99
南京,2020-02-04,60,40,53,6,0.7,21,111
南京,2020-02-05,55,39,55,5,0.7,23,83
南京,2020-02-06,39,22,32,4,0.5,14,77
南京,2020-02-07,33,22,24,3,0.4,19,66
南京,2020-02-08,49,34,40,3,0.5,20,61
南京,2020-02-09,45,31,36,4,0.6,24,89
南京,2020-02-10,45,31,39,5,0.7,26,88
南京,2020-02-11,33,23,27,5,0.7,23,59
南京,2020-02-12,43,30,39,7,1.1,31,69
南京,2020-02-13,45,31,37,6,0.9,21,53
南京,2020-02-14,24,15,15,6,0.6,19,44
南京,2020-02-15,29,12,11,4,0.7,19,57
南京,2020-02-16,44,22,37,4,0.6,13,87
南京,2020-02-17,46,13,25,4,0.5,15,91
南京,2020-02-18,52,17,25,6,0.6,27,102
南京,2020-02-19,46,27,36,5,0.6,24,92
南京,2020-02-20,60,34,44,6,0.6,31,111
南京,2020-02-21,40,27,40,6,0.6,27,75
南京,2020-02-22,73,48,96,8,0.7,33,103
南京,2020-02-23,81,50,108,7,0.7,28,137
南京,2020-02-24,66,45,81,11,0.9,38,90
南京,2020-02-25,95,71,91,9,1.1,40,45
南京,2020-02-26,52,32,53,4,0.6,19,96
南京,2020-02-27,54,30,57,6,0.6,28,91
南京,2020-02-28,34,21,28,4,0.6,27,63
杭州,2020-01-01,68,41,82,7,0.8,54,43
杭州,2020-01-02,80,58,98,7,0.8,64,10
杭州,2020-01-03,72,48,80,7,1.2,57,4
杭州,2020-01-04,64,25,36,5,0.9,51,7
杭州,2020-01-05,68,41,70,6,1,54,32
杭州,2020-01-06,60,29,59,7,1.1,48,39
杭州,2020-01-07,60,32,67,7,1.4,48,12
杭州,2020-01-08,54,35,57,5,1,28,59
杭州,2020-01-09,73,49,77,8,1,58,14
杭州,2020-01-10,64,18,25,5,0.8,51,7
杭州,2020-01-11,45,16,23,5,0.7,36,34
杭州,2020-01-12,72,52,73,7,1,31,65
杭州,2020-01-13,125,95,137,8,1.1,53,55
杭州,2020-01-14,150,115,168,10,1.4,55,61
杭州,2020-01-15,93,69,98,7,1.1,64,17
杭州,2020-01-16,40,9,14,5,0.6,32,46
杭州,2020-01-17,33,19,27,5,0.8,26,40
杭州,2020-01-18,50,35,48,5,0.9,25,58
杭州,2020-01-19,63,45,62,6,0.9,34,67
杭州,2020-01-20,82,60,86,6,1,38,94
杭州,2020-01-21,124,94,137,6,1.2,51,58
杭州,2020-01-22,83,61,85,5,1.3,32,28
杭州,2020-01-23,32,18,24,5,1.1,25,44
杭州,2020-01-24,48,33,45,5,0.7,15,83
杭州,2020-01-25,35,24,32,5,0.6,11,68
杭州,2020-01-26,34,6,8,5,0.6,10,68
杭州,2020-01-27,34,8,12,5,0.8,10,68
杭州,2020-01-28,45,31,36,4,1,10,65
杭州,2020-01-29,64,46,55,5,0.7,10,95
杭州,2020-01-30,97,72,86,7,0.9,12,104
杭州,2020-01-31,97,72,87,6,0.9,17,113
杭州,2020-02-01,49,34,43,6,0.7,17,98
杭州,2020-02-02,42,29,40,6,0.6,19,81
杭州,2020-02-03,65,47,62,6,0.7,15,115
杭州,2020-02-04,49,34,49,6,0.6,14,86
杭州,2020-02-05,60,27,41,6,0.6,12,112
杭州,2020-02-06,42,14,24,5,0.5,7,84
杭州,2020-02-07,37,13,16,5,0.6,9,73
杭州,2020-02-08,45,31,40,6,0.8,11,74
杭州,2020-02-09,52,36,45,6,0.8,12,84
杭州,2020-02-10,40,26,34,5,0.7,14,79
杭州,2020-02-11,39,27,34,5,0.6,14,58
杭州,2020-02-12,38,26,33,5,0.7,16,39
杭州,2020-02-13,32,22,30,5,0.7,17,44
杭州,2020-02-14,22,15,21,5,0.7,15,41
杭州,2020-02-15,22,6,9,4,0.7,13,44
杭州,2020-02-16,42,15,28,5,0.5,8,83
杭州,2020-02-17,49,17,31,6,0.5,9,98
杭州,2020-02-18,51,22,34,6,0.5,16,101
杭州,2020-02-19,46,32,46,6,0.6,27,73
杭州,2020-02-20,59,31,45,6,0.5,26,110
杭州,2020-02-21,43,23,34,5,0.5,22,86
杭州,2020-02-22,63,33,68,6,0.5,21,115
杭州,2020-02-23,86,59,121,6,0.6,25,119
杭州,2020-02-24,61,39,72,6,0.6,32,113
杭州,2020-02-25,72,52,75,6,0.7,29,110
杭州,2020-02-26,42,28,42,4,0.6,22,58
杭州,2020-02-27,55,30,60,5,0.7,20,86
杭州,2020-02-28,55,32,59,5,0.7,29,43
合肥,2020-01-01,74,48,74,7,0.8,59,18
合肥,2020-01-02,88,65,71,7,0.9,64,18
合肥,2020-01-03,78,57,55,6,0.6,48,7
合肥,2020-01-04,93,69,57,6,1,54,8
合肥,2020-01-05,119,90,73,7,1.1,62,18
合肥,2020-01-06,50,25,17,4,1,40,10
合肥,2020-01-07,52,22,24,4,1.5,41,36
合肥,2020-01-08,60,43,39,5,0.7,33,48
合肥,2020-01-09,57,29,24,4,0.6,45,33
合肥,2020-01-10,55,31,27,5,0.5,44,17
合肥,2020-01-11,59,42,32,5,0.6,38,30
合肥,2020-01-12,105,79,75,6,1,56,52
合肥,2020-01-13,134,102,102,8,1.2,70,42
合肥,2020-01-14,168,127,117,9,1.1,54,56
合肥,2020-01-15,103,77,51,6,0.9,49,37
合肥,2020-01-16,45,21,14,4,0.5,36,38
合肥,2020-01-17,88,65,46,4,0.8,39,29
合肥,2020-01-18,110,83,73,6,0.9,48,55
合肥,2020-01-19,103,77,85,8,1,58,72
合肥,2020-01-20,109,82,105,9,1.2,74,74
合肥,2020-01-21,180,136,119,7,1.5,67,39
合肥,2020-01-22,183,138,93,6,1.3,47,34
合肥,2020-01-23,59,42,33,5,0.6,26,53
合肥,2020-01-24,70,51,53,5,0.6,18,72
合肥,2020-01-25,30,20,28,4,0.3,14,59
合肥,2020-01-26,39,27,24,4,0.6,18,62
合肥,2020-01-27,78,57,51,4,0.8,18,46
合肥,2020-01-28,94,70,63,5,0.8,19,65
合肥,2020-01-29,73,53,51,5,0.7,21,81
合肥,2020-01-30,128,97,90,6,1,23,97
合肥,2020-01-31,104,78,72,6,0.8,34,97
合肥,2020-02-01,70,51,49,7,0.6,27,96
合肥,2020-02-02,43,27,34,8,0.6,34,66
合肥,2020-02-03,122,92,85,6,0.9,27,96
合肥,2020-02-04,114,86,75,6,0.9,30,104
合肥,2020-02-05,87,64,61,5,0.7,28,86
合肥,2020-02-06,39,27,27,4,0.5,15,62
合肥,2020-02-07,29,20,18,4,0.5,17,48
合肥,2020-02-08,40,28,27,4,0.5,16,58
合肥,2020-02-09,45,31,32,4,0.5,22,79
合肥,2020-02-10,49,34,37,5,0.6,17,80
合肥,2020-02-11,34,19,23,4,0.6,14,68
合肥,2020-02-12,33,19,24,5,0.6,18,65
合肥,2020-02-13,28,18,21,5,0.7,15,56
合肥,2020-02-14,29,20,24,5,0.7,19,36
合肥,2020-02-15,31,11,12,4,0.5,10,61
合肥,2020-02-16,41,20,30,5,0.4,11,82
合肥,2020-02-17,43,15,31,6,0.4,21,86
合肥,2020-02-18,50,22,31,6,0.4,27,99
合肥,2020-02-19,43,30,39,7,0.6,26,76
合肥,2020-02-20,52,36,42,7,0.6,28,101
合肥,2020-02-21,54,38,53,6,0.5,30,85
合肥,2020-02-22,77,44,104,7,0.5,34,102
合肥,2020-02-23,78,52,105,11,0.6,30,102
合肥,2020-02-24,57,40,64,7,0.6,24,100
合肥,2020-02-25,110,83,86,5,0.9,31,56
合肥,2020-02-26,52,36,39,4,0.5,16,77
合肥,2020-02-27,57,40,53,5,0.6,28,72
合肥,2020-02-28,39,27,23,4,0.6,27,33
福州,2020-01-01,39,23,39,5,0.4,27,77
福州,2020-01-02,43,20,40,5,0.5,34,74
福州,2020-01-03,49,23,46,5,0.5,39,73
福州,2020-01-04,48,32,48,5,0.6,38,61
福州,2020-01-05,46,32,41,4,0.7,29,49
福州,2020-01-06,46,26,46,5,0.7,35,83
福州,2020-01-07,73,53,79,6,0.8,50,52
福州,2020-01-08,69,13,31,5,0.9,19,122
福州,2020-01-09,50,34,50,5,0.8,24,94
福州,2020-01-10,57,37,64,5,0.8,32,58
福州,2020-01-11,59,39,68,6,0.8,42,40
福州,2020-01-12,29,9,15,4,0.9,23,56
福州,2020-01-13,45,31,34,5,0.7,21,78
福州,2020-01-14,57,40,52,5,0.8,28,102
福州,2020-01-15,83,61,63,5,1,25,72
福州,2020-01-16,49,34,39,5,0.8,31,65
福州,2020-01-17,25,6,9,4,0.8,20,34
福州,2020-01-18,27,15,15,4,0.7,17,53
福州,2020-01-19,29,19,21,4,0.9,18,58
福州,2020-01-20,36,25,30,4,0.8,17,71
福州,2020-01-21,63,42,53,6,0.9,24,115
福州,2020-01-22,70,51,60,5,1,34,78
福州,2020-01-23,70,51,47,4,1,25,80
福州,2020-01-24,32,19,19,4,0.9,14,64
福州,2020-01-25,54,38,40,6,0.7,11,66
福州,2020-01-26,28,6,7,4,0.7,9,56
福州,2020-01-27,29,3,6,4,0.5,5,57
福州,2020-01-28,32,6,9,4,0.6,5,63
福州,2020-01-29,40,12,14,4,0.6,5,79
福州,2020-01-30,50,25,28,5,0.6,7,100
福州,2020-01-31,56,33,37,5,0.6,8,107
福州,2020-02-01,74,42,43,5,0.7,10,128
福州,2020-02-02,50,32,38,5,0.8,15,100
福州,2020-02-03,40,28,29,4,0.7,16,61
福州,2020-02-04,32,18,17,4,0.8,14,63
福州,2020-02-05,60,21,22,4,0.7,10,111
福州,2020-02-06,53,15,21,4,0.7,9,103
福州,2020-02-07,34,6,9,4,0.6,9,68
福州,2020-02-08,41,9,16,4,0.6,7,81
福州,2020-02-09,46,21,24,4,0.6,8,91
福州,2020-02-10,60,26,33,4,0.7,10,112
福州,2020-02-11,48,30,43,5,0.6,16,95
福州,2020-02-12,55,39,41,4,0.8,22,62
福州,2020-02-13,40,28,24,4,0.9,23,52
福州,2020-02-14,25,17,15,4,0.8,19,36
福州,2020-02-15,23,14,11,4,0.8,17,46
福州,2020-02-16,24,3,6,4,0.7,8,47
福州,2020-02-17,45,9,18,5,0.5,6,90
福州,2020-02-18,59,12,23,5,0.5,9,110
福州,2020-02-19,52,14,23,5,0.6,12,102
福州,2020-02-20,52,16,25,4,0.5,11,102
福州,2020-02-21,50,15,25,5,0.5,13,100
福州,2020-02-22,61,30,42,4,0.6,15,113
福州,2020-02-23,77,31,83,5,0.6,11,132
福州,2020-02-24,62,30,73,4,0.7,13,109
福州,2020-02-25,55,36,59,4,0.8,23,104
福州,2020-02-26,62,44,46,4,0.8,19,107
福州,2020-02-27,42,15,26,4,0.6,10,83
福州,2020-02-28,47,25,40,4,0.7,17,93
武汉,2020-01-01,73,46,76,11,1,58,13
武汉,2020-01-02,105,79,103,6,0.9,48,7
武汉,2020-01-03,130,99,116,6,1,51,9
武汉,2020-01-04,142,108,135,7,1.3,53,6
武汉,2020-01-05,80,59,94,8,1.3,42,5
武汉,2020-01-06,55,12,21,5,1.6,44,11
武汉,2020-01-07,47,17,21,5,1.3,37,47
武汉,2020-01-08,54,38,47,8,1.1,35,42
武汉,2020-01-09,42,16,19,5,0.8,33,41
武汉,2020-01-10,42,29,29,5,0.8,32,31
武汉,2020-01-11,55,39,44,5,0.8,38,32
武汉,2020-01-12,84,62,80,6,1.2,61,28
武汉,2020-01-13,68,49,61,7,0.9,47,51
武汉,2020-01-14,142,108,122,8,1.2,39,68
武汉,2020-01-15,120,91,97,7,1.1,38,47
武汉,2020-01-16,82,60,58,5,0.8,26,41
武汉,2020-01-17,62,44,47,5,0.8,36,44
武汉,2020-01-18,77,56,63,8,1,48,52
武汉,2020-01-19,138,105,114,8,1,50,73
武汉,2020-01-20,120,91,116,11,1.4,76,72
武汉,2020-01-21,120,91,101,8,1.2,47,45
武汉,2020-01-22,108,81,89,5,1,30,45
武汉,2020-01-23,107,80,89,5,1.1,23,47
武汉,2020-01-24,40,28,37,5,0.5,15,65
武汉,2020-01-25,63,45,52,5,0.8,13,52
武汉,2020-01-26,43,30,32,5,0.6,10,74
武汉,2020-01-27,65,47,48,5,0.8,11,63
武汉,2020-01-28,77,56,60,5,0.7,16,80
武汉,2020-01-29,74,54,57,8,0.7,21,85
武汉,2020-01-30,75,55,60,7,0.8,28,98
武汉,2020-01-31,97,72,80,10,1,34,110
武汉,2020-02-01,89,66,74,11,1,35,94
武汉,2020-02-02,87,64,69,7,0.8,33,73
武汉,2020-02-03,99,74,80,8,1,31,94
武汉,2020-02-04,87,64,73,9,0.9,36,106
武汉,2020-02-05,128,97,103,9,1.3,32,93
武汉,2020-02-06,52,36,48,5,0.7,14,53
武汉,2020-02-07,26,18,20,5,0.6,12,46
武汉,2020-02-08,33,23,26,5,0.7,17,53
武汉,2020-02-09,45,31,35,6,0.8,20,81
武汉,2020-02-10,60,43,45,8,1,26,60
武汉,2020-02-11,40,28,31,6,0.9,17,55
武汉,2020-02-12,39,27,32,7,1,23,52
武汉,2020-02-13,35,24,31,9,1.2,23,49
武汉,2020-02-14,43,30,36,7,1.2,18,46
武汉,2020-02-15,27,13,25,5,0.8,10,54
武汉,2020-02-16,39,11,22,6,0.6,13,78
武汉,2020-02-17,44,14,23,6,0.6,17,88
武汉,2020-02-18,52,22,26,8,0.7,23,102
武汉,2020-02-19,43,30,34,12,0.8,22,86
武汉,2020-02-20,58,41,48,10,1,29,98
武汉,2020-02-21,69,50,53,7,0.9,20,81
武汉,2020-02-22,60,43,57,9,1,20,104
武汉,2020-02-23,60,35,69,13,1,23,101
武汉,2020-02-24,58,41,57,12,1,18,103
武汉,2020-02-25,100,75,89,7,1.2,21,100
武汉,2020-02-26,62,44,54,6,1.2,15,62
武汉,2020-02-27,46,32,45,6,0.9,17,57
武汉,2020-02-28,20,9,12,5,0.8,16,39
长沙,2020-01-01,103,77,77,6,1.1,42,9
长沙,2020-01-02,78,57,38,5,1.1,37,7
长沙,2020-01-03,93,69,43,5,1.1,32,8
长沙,2020-01-04,152,116,76,5,1.1,38,13
长沙,2020-01-05,160,122,103,7,1.5,48,11
长沙,2020-01-06,65,47,29,4,1.4,33,8
长沙,2020-01-07,40,21,20,5,1.5,32,60
长沙,2020-01-08,67,48,41,5,1.4,43,51
长沙,2020-01-09,38,26,19,4,0.9,27,29
长沙,2020-01-10,30,16,13,3,0.9,24,25
长沙,2020-01-11,60,43,31,4,0.8,27,44
长沙,2020-01-12,70,51,49,5,1.1,47,44
长沙,2020-01-13,57,40,46,5,1,37,57
长沙,2020-01-14,103,77,63,5,1.1,39,32
长沙,2020-01-15,64,46,28,4,1.2,32,32
长沙,2020-01-16,97,72,45,4,1,21,52
长沙,2020-01-17,72,52,37,4,0.8,28,65
长沙,2020-01-18,87,64,50,4,0.9,36,39
长沙,2020-01-19,117,88,72,6,1.2,37,91
长沙,2020-01-20,112,84,82,6,1.3,47,59
长沙,2020-01-21,89,66,63,6,1.2,38,45
长沙,2020-01-22,55,39,32,4,1.2,19,48
长沙,2020-01-23,54,38,26,3,1.3,18,50
长沙,2020-01-24,39,27,21,4,0.9,13,50
长沙,2020-01-25,69,50,40,4,1.2,10,58
长沙,2020-01-26,70,51,39,3,0.7,7,60
长沙,2020-01-27,75,55,44,3,0.9,8,75
长沙,2020-01-28,64,46,39,4,0.8,10,89
长沙,2020-01-29,70,51,46,5,0.9,13,100
长沙,2020-01-30,77,56,54,6,0.9,18,102
长沙,2020-01-31,73,53,52,6,1,18,109
长沙,2020-02-01,88,65,62,7,1,17,94
长沙,2020-02-02,124,94,74,5,1.1,15,58
长沙,2020-02-03,93,69,48,4,0.9,14,73
长沙,2020-02-04,69,50,41,5,0.9,18,95
长沙,2020-02-05,55,39,35,5,0.8,13,91
长沙,2020-02-06,36,25,18,4,0.8,8,71
长沙,2020-02-07,50,35,26,4,0.7,7,37
长沙,2020-02-08,45,31,24,4,0.7,7,54
长沙,2020-02-09,49,34,29,5,0.8,11,80
长沙,2020-02-10,58,41,39,6,1,19,36
长沙,2020-02-11,38,26,21,4,1,18,54
长沙,2020-02-12,52,36,31,5,1.5,27,36
长沙,2020-02-13,48,33,29,5,1.2,19,64
长沙,2020-02-14,42,26,24,5,0.8,9,83
长沙,2020-02-15,33,15,13,4,0.7,6,65
长沙,2020-02-16,44,12,21,5,0.5,5,87
长沙,2020-02-17,49,16,28,5,0.5,10,98
长沙,2020-02-18,55,25,32,7,0.6,17,105
长沙,2020-02-19,63,45,54,8,0.9,32,59
长沙,2020-02-20,70,51,58,6,0.8,27,107
长沙,2020-02-21,78,57,48,5,0.7,17,73
长沙,2020-02-22,70,51,42,4,0.8,23,66
长沙,2020-02-23,65,47,56,6,0.9,30,115
长沙,2020-02-24,57,38,50,7,0.8,19,108
长沙,2020-02-25,65,47,60,9,0.9,37,52
长沙,2020-02-26,140,107,76,4,1.2,15,53
长沙,2020-02-27,58,41,25,4,0.9,16,38
长沙,2020-02-28,22,15,11,4,0.7,15,30
成都,2020-01-01,135,103,124,6,0.9,45,27
成都,2020-01-02,135,103,132,10,1,57,22
成都,2020-01-03,105,79,102,6,1,57,56
成都,2020-01-04,118,89,119,8,1.1,67,16
成都,2020-01-05,129,98,124,6,0.9,52,18
成都,2020-01-06,120,91,116,8,1.2,61,17
成都,2020-01-07,78,57,85,7,1,53,71
成都,2020-01-08,103,76,117,8,1.2,85,30
成都,2020-01-09,90,67,91,7,1,48,26
成都,2020-01-10,53,35,55,7,1.1,39,37
成都,2020-01-11,68,48,70,6,1.2,54,69
成都,2020-01-12,97,72,97,9,1.4,58,82
成都,2020-01-13,102,76,97,13,1.2,54,24
成都,2020-01-14,129,98,131,7,1.3,56,14
成都,2020-01-15,68,49,60,5,0.9,29,16
成都,2020-01-16,58,41,50,5,0.9,33,49
成都,2020-01-17,87,64,85,6,1,48,16
成都,2020-01-18,100,75,97,6,1.1,45,33
成都,2020-01-19,74,54,68,5,0.9,39,82
成都,2020-01-20,104,78,100,7,1,48,70
成都,2020-01-21,120,91,111,7,0.9,37,68
成都,2020-01-22,140,107,124,7,1,42,63
成都,2020-01-23,156,119,134,6,1.1,41,33
成都,2020-01-24,78,57,65,6,0.8,17,75
成都,2020-01-25,68,49,53,7,0.8,14,92
成都,2020-01-26,57,40,45,6,0.8,15,58
成都,2020-01-27,54,38,43,7,0.8,14,49
成都,2020-01-28,68,49,54,6,0.9,22,43
成都,2020-01-29,62,44,49,5,0.9,22,75
成都,2020-01-30,65,47,54,6,0.8,21,65
成都,2020-01-31,60,43,48,5,0.7,16,56
成都,2020-02-01,58,41,46,5,0.7,14,38
成都,2020-02-02,54,38,42,5,0.6,20,63
成都,2020-02-03,46,32,38,5,0.5,17,78
成都,2020-02-04,50,35,40,5,0.6,16,76
成都,2020-02-05,79,58,66,6,0.7,17,56
成都,2020-02-06,43,30,34,5,0.6,13,80
成都,2020-02-07,62,44,49,5,0.7,13,47
成都,2020-02-08,70,51,59,7,0.9,21,50
成都,2020-02-09,55,39,47,6,0.8,13,82
成都,2020-02-10,49,34,41,6,0.7,15,82
成都,2020-02-11,73,53,60,6,0.8,15,90
成都,2020-02-12,113,85,99,7,1,24,86
成都,2020-02-13,115,87,96,7,0.9,21,96
成都,2020-02-14,77,56,76,6,0.7,16,76
成都,2020-02-15,76,24,101,5,0.4,8,71
成都,2020-02-16,60,25,69,5,0.5,13,89
成都,2020-02-17,61,39,72,8,0.5,20,75
成都,2020-02-18,68,49,79,9,0.6,21,83
成都,2020-02-19,62,44,61,6,0.6,15,92
成都,2020-02-20,68,49,61,6,0.6,16,74
成都,2020-02-21,58,36,65,5,0.5,22,88
成都,2020-02-22,83,61,88,6,0.7,31,50
成都,2020-02-23,108,81,107,7,0.8,36,55
成都,2020-02-24,110,83,108,7,0.8,38,95
成都,2020-02-25,109,82,105,7,0.8,39,109
成都,2020-02-26,114,86,110,7,0.9,44,103
成都,2020-02-27,138,105,125,6,1,34,54
成都,2020-02-28,38,17,22,6,0.8,29,76
贵阳,2020-01-01,43,28,43,13,0.7,19,54
贵阳,2020-01-02,63,45,67,17,0.9,22,50
贵阳,2020-01-03,48,32,48,14,1,19,16
贵阳,2020-01-04,45,30,45,14,1.1,22,17
贵阳,2020-01-05,29,13,24,12,0.5,15,57
贵阳,2020-01-06,27,14,23,10,0.5,15,53
贵阳,2020-01-07,52,31,53,20,0.8,29,66
贵阳,2020-01-08,52,29,53,15,0.7,23,64
贵阳,2020-01-09,46,29,46,12,1.1,18,25
贵阳,2020-01-10,28,12,21,10,1.1,18,33
贵阳,2020-01-11,32,21,32,14,1,16,48
贵阳,2020-01-12,59,42,63,21,0.9,28,67
贵阳,2020-01-13,52,35,53,14,0.9,27,40
贵阳,2020-01-14,23,16,22,8,0.8,17,42
贵阳,2020-01-15,23,12,17,9,0.9,17,28
贵阳,2020-01-16,36,24,36,15,0.9,19,36
贵阳,2020-01-17,36,25,36,12,0.8,13,57
贵阳,2020-01-18,65,47,60,15,0.8,18,52
贵阳,2020-01-19,70,51,69,24,0.9,24,47
贵阳,2020-01-20,33,23,32,12,0.9,21,45
贵阳,2020-01-21,30,20,30,12,0.7,16,60
贵阳,2020-01-22,45,31,45,14,0.8,13,48
贵阳,2020-01-23,26,16,26,12,0.8,9,39
贵阳,2020-01-24,25,13,20,11,0.7,8,49
贵阳,2020-01-25,25,17,23,11,0.7,11,50
贵阳,2020-01-26,43,30,38,13,0.7,9,55
贵阳,2020-01-27,38,26,32,10,0.7,7,63
贵阳,2020-01-28,40,28,34,14,0.6,7,58
贵阳,2020-01-29,45,31,39,20,0.6,9,81
贵阳,2020-01-30,45,31,42,23,0.7,14,76
贵阳,2020-01-31,50,35,47,21,0.6,12,89
贵阳,2020-02-01,88,65,81,16,0.8,15,87
贵阳,2020-02-02,42,29,35,12,0.7,10,40
贵阳,2020-02-03,29,13,19,10,0.6,6,58
贵阳,2020-02-04,43,30,39,16,0.7,10,69
贵阳,2020-02-05,50,35,45,13,0.7,10,52
贵阳,2020-02-06,27,11,17,11,0.7,7,53
贵阳,2020-02-07,28,18,26,11,0.7,7,55
贵阳,2020-02-08,27,18,27,11,0.7,6,51
贵阳,2020-02-09,41,19,27,14,0.6,7,81
贵阳,2020-02-10,34,23,34,13,0.6,8,59
贵阳,2020-02-11,29,20,27,14,0.8,12,22
贵阳,2020-02-12,45,31,43,20,0.8,14,56
贵阳,2020-02-13,48,33,46,25,0.8,17,83
贵阳,2020-02-14,50,35,48,19,0.7,16,93
贵阳,2020-02-15,31,19,28,8,0.6,6,62
贵阳,2020-02-16,36,16,28,11,0.4,4,71
贵阳,2020-02-17,37,22,37,13,0.5,8,72
贵阳,2020-02-18,39,24,39,16,0.5,10,76
贵阳,2020-02-19,63,45,62,22,0.7,16,96
贵阳,2020-02-20,90,67,83,15,0.8,17,72
贵阳,2020-02-21,49,34,43,10,0.6,9,64
贵阳,2020-02-22,73,53,67,16,0.7,15,43
贵阳,2020-02-23,57,40,55,12,0.7,11,98
贵阳,2020-02-24,59,42,58,10,0.6,10,106
贵阳,2020-02-25,73,53,76,14,0.7,17,93
贵阳,2020-02-26,68,49,69,11,0.7,15,91
贵阳,2020-02-27,64,46,67,9,0.6,11,89
贵阳,2020-02-28,55,39,52,10,0.6,20,66
昆明,2020-01-01,37,19,34,10,0.8,29,55
昆明,2020-01-02,40,18,34,10,0.7,32,60
昆明,2020-01-03,45,20,38,11,0.7,36,52
昆明,2020-01-04,55,29,60,10,0.9,33,44
昆明,2020-01-05,48,19,22,8,0.9,38,33
昆明,2020-01-06,34,9,18,7,0.6,22,67
昆明,2020-01-07,48,24,41,10,0.7,38,70
昆明,2020-01-08,53,31,56,10,0.9,34,70
昆明,2020-01-09,51,25,51,11,0.8,34,68
昆明,2020-01-10,42,25,41,10,0.8,33,67
昆明,2020-01-11,40,21,33,10,0.6,32,78
昆明,2020-01-12,58,33,65,12,0.9,43,70
昆明,2020-01-13,54,30,58,18,1,38,72
昆明,2020-01-14,41,23,41,11,0.8,32,76
昆明,2020-01-15,38,18,35,10,0.6,28,75
昆明,2020-01-16,40,22,40,11,0.8,32,77
昆明,2020-01-17,37,19,35,10,0.7,29,74
昆明,2020-01-18,38,17,30,10,0.6,26,75
昆明,2020-01-19,41,22,36,9,0.7,31,82
昆明,2020-01-20,41,23,36,14,0.7,27,82
昆明,2020-01-21,42,19,27,10,0.6,20,84
昆明,2020-01-22,42,18,26,10,0.4,21,84
昆明,2020-01-23,40,16,23,11,0.4,18,79
昆明,2020-01-24,46,22,30,12,0.6,14,91
昆明,2020-01-25,30,20,20,9,0.8,10,60
昆明,2020-01-26,46,29,31,9,0.8,12,91
昆明,2020-01-27,46,26,32,8,0.6,13,92
昆明,2020-01-28,43,30,35,8,0.6,12,85
昆明,2020-01-29,40,28,30,8,0.7,11,40
昆明,2020-01-30,39,26,28,8,0.6,10,77
昆明,2020-01-31,45,26,31,8,0.5,8,89
昆明,2020-02-01,45,29,33,9,0.6,10,89
昆明,2020-02-02,47,28,34,12,0.6,14,94
昆明,2020-02-03,48,24,30,9,0.6,14,96
昆明,2020-02-04,50,31,36,9,0.6,14,100
昆明,2020-02-05,59,25,32,10,0.5,14,110
昆明,2020-02-06,48,18,25,8,0.4,6,96
昆明,2020-02-07,57,30,37,13,0.6,16,108
昆明,2020-02-08,53,37,42,9,0.6,15,95
昆明,2020-02-09,55,39,38,7,0.8,15,38
昆明,2020-02-10,43,19,21,7,0.6,8,85
昆明,2020-02-11,50,18,24,8,0.5,12,99
昆明,2020-02-12,49,18,25,9,0.4,15,98
昆明,2020-02-13,53,20,27,12,0.4,16,103
昆明,2020-02-14,65,26,36,10,0.5,14,118
昆明,2020-02-15,48,33,36,10,0.5,10,86
昆明,2020-02-16,53,37,40,8,0.6,11,75
昆明,2020-02-17,60,43,50,8,0.6,15,48
昆明,2020-02-18,69,50,52,7,0.8,16,52
昆明,2020-02-19,54,38,46,7,0.7,13,97
昆明,2020-02-20,58,37,49,8,0.7,18,109
昆明,2020-02-21,68,48,54,6,0.8,19,121
昆明,2020-02-22,63,45,50,6,0.7,10,113
昆明,2020-02-23,65,43,48,7,0.8,12,118
昆明,2020-02-24,58,30,37,7,0.7,12,109
昆明,2020-02-25,57,28,38,8,0.7,17,108
昆明,2020-02-26,61,39,47,8,0.8,23,113
昆明,2020-02-27,78,57,66,7,0.9,17,132
昆明,2020-02-28,59,42,48,7,0.8,16,104
广州,2020-01-01,59,42,66,8,1,41,52
广州,2020-01-02,80,39,71,6,1,64,52
广州,2020-01-03,100,45,96,8,1.1,80,97
广州,2020-01-04,122,69,136,10,1.2,104,184
广州,2020-01-05,84,40,77,7,0.8,67,113
广州,2020-01-06,78,24,62,7,0.8,62,83
广州,2020-01-07,92,32,72,7,0.9,73,95
广州,2020-01-08,77,30,63,7,0.8,61,103
广州,2020-01-09,97,35,84,9,0.9,77,102
广州,2020-01-10,85,33,72,7,1,68,86
广州,2020-01-11,65,35,71,7,1,52,52
广州,2020-01-12,43,13,29,5,1,34,68
广州,2020-01-13,69,30,58,6,1,55,45
广州,2020-01-14,82,39,75,9,1.1,65,71
广州,2020-01-15,59,32,61,7,0.9,47,103
广州,2020-01-16,59,31,58,6,1,47,74
广州,2020-01-17,38,12,23,5,1.2,30,45
广州,2020-01-18,42,24,38,6,1.2,33,58
广州,2020-01-19,38,25,38,5,1.1,28,28
广州,2020-01-20,45,26,38,6,1,36,53
广州,2020-01-21,60,35,54,6,1,44,112
广州,2020-01-22,61,28,44,5,0.9,39,113
广州,2020-01-23,57,25,39,5,0.8,34,108
广州,2020-01-24,41,20,32,5,0.7,24,82
广州,2020-01-25,42,29,38,6,1,18,33
广州,2020-01-26,25,7,9,4,1,15,34
广州,2020-01-27,29,10,13,4,0.8,11,57
广州,2020-01-28,36,13,16,4,0.6,10,72
广州,2020-01-29,43,23,28,5,0.7,11,85
广州,2020-01-30,51,29,34,5,0.6,13,101
广州,2020-01-31,59,31,36,6,0.6,22,110
广州,2020-02-01,64,40,50,6,0.7,32,116
广州,2020-02-02,52,36,48,6,0.7,25,89
广州,2020-02-03,58,41,50,5,0.8,27,46
广州,2020-02-04,20,5,6,4,0.7,15,39
广州,2020-02-05,25,12,16,4,0.8,20,32
广州,2020-02-06,36,17,28,5,0.6,22,72
广州,2020-02-07,25,15,21,4,0.8,20,36
广州,2020-02-08,29,9,13,4,0.7,11,58
广州,2020-02-09,34,16,20,5,0.7,10,67
广州,2020-02-10,36,25,31,5,0.7,19,48
广州,2020-02-11,62,44,53,5,0.9,37,39
广州,2020-02-12,49,34,47,5,1,36,50
广州,2020-02-13,45,20,30,5,0.8,36,61
广州,2020-02-14,40,11,17,5,0.6,32,39
广州,2020-02-15,30,12,17,4,0.7,19,59
广州,2020-02-16,25,4,6,4,0.7,9,49
广州,2020-02-17,42,13,20,5,0.6,11,84
广州,2020-02-18,48,16,24,6,0.5,22,96
广州,2020-02-19,62,34,49,7,0.8,49,108
广州,2020-02-20,64,35,52,6,0.8,51,115
广州,2020-02-21,80,30,46,6,0.7,48,135
广州,2020-02-22,84,44,61,6,0.9,45,140
广州,2020-02-23,92,37,55,7,0.8,40,150
广州,2020-02-24,70,25,50,6,0.7,29,124
广州,2020-02-25,52,21,42,5,0.7,34,102
广州,2020-02-26,59,22,39,5,0.8,42,110
广州,2020-02-27,54,22,39,6,0.7,43,90
广州,2020-02-28,44,23,40,6,0.7,34,88
海口,2020-01-01,43,12,28,4,0.6,7,86
海口,2020-01-02,42,11,27,3,0.6,8,83
海口,2020-01-03,50,14,28,4,0.5,9,100
海口,2020-01-04,48,12,27,4,0.5,9,95
海口,2020-01-05,47,15,32,4,0.5,7,94
海口,2020-01-06,41,15,40,4,0.6,10,82
海口,2020-01-07,36,13,32,4,0.6,14,72
海口,2020-01-08,66,16,30,4,0.6,11,119
海口,2020-01-09,57,17,42,4,0.6,12,108
海口,2020-01-10,44,15,37,4,0.7,12,88
海口,2020-01-11,42,14,30,4,0.6,11,83
海口,2020-01-12,44,22,41,4,1,15,88
海口,2020-01-13,65,21,35,3,0.9,12,117
海口,2020-01-14,47,12,32,3,0.6,13,94
海口,2020-01-15,44,12,30,3,0.6,12,87
海口,2020-01-16,35,15,30,5,0.6,13,69
海口,2020-01-17,44,22,38,3,0.9,10,88
海口,2020-01-18,49,17,33,3,0.8,9,98
海口,2020-01-19,57,20,31,3,0.8,10,108
海口,2020-01-20,46,20,34,3,0.8,8,92
海口,2020-01-21,46,14,26,3,0.7,9,91
海口,2020-01-22,46,17,33,3,0.7,8,92
海口,2020-01-23,35,9,17,2,0.6,6,70
海口,2020-01-24,32,8,18,3,0.5,4,64
海口,2020-01-25,43,11,26,3,0.6,3,86
海口,2020-01-26,25,7,12,3,1,8,48
海口,2020-01-27,30,12,19,3,1.2,7,53
海口,2020-01-28,41,13,18,3,0.8,4,81
海口,2020-01-29,47,22,26,4,0.7,5,94
海口,2020-01-30,54,26,34,4,0.6,6,104
海口,2020-01-31,65,20,28,4,0.4,7,118
海口,2020-02-01,54,22,33,3,0.4,4,104
海口,2020-02-02,46,18,31,3,0.5,5,92
海口,2020-02-03,42,15,27,3,0.4,6,83
海口,2020-02-04,41,15,29,3,0.5,5,82
海口,2020-02-05,38,15,29,3,0.6,5,76
海口,2020-02-06,42,10,25,2,0.5,4,83
海口,2020-02-07,45,16,40,3,0.5,3,89
海口,2020-02-08,44,12,24,3,0.6,4,88
海口,2020-02-09,41,10,20,3,0.6,3,82
海口,2020-02-10,40,16,22,2,0.6,4,80
海口,2020-02-11,46,17,28,2,0.6,4,92
海口,2020-02-12,36,13,23,4,0.6,5,72
海口,2020-02-13,30,10,18,3,0.6,4,60
海口,2020-02-14,29,10,20,2,0.5,4,58
海口,2020-02-15,34,10,22,3,0.4,6,67
海口,2020-02-16,30,6,14,3,0.6,6,60
海口,2020-02-17,46,6,16,3,0.6,4,92
海口,2020-02-18,54,13,27,5,0.5,4,104
海口,2020-02-19,49,18,34,3,0.5,4,98
海口,2020-02-20,45,16,32,3,0.5,4,90
海口,2020-02-21,47,16,37,3,0.4,4,94
海口,2020-02-22,57,14,30,4,0.4,4,108
海口,2020-02-23,54,21,38,4,0.6,6,104
海口,2020-02-24,54,24,57,4,0.5,6,103
海口,2020-02-25,47,18,47,3,0.5,6,82
海口,2020-02-26,37,13,28,3,0.5,5,74
海口,2020-02-27,36,9,22,3,0.6,6,71
海口,2020-02-28,43,12,34,3,0.5,5,86
兰州,2020-01-01,107,73,122,38,2.3,93,39
兰州,2020-01-02,97,65,109,26,2.2,77,21
兰州,2020-01-03,129,98,161,30,3.1,106,24
兰州,2020-01-04,123,93,153,40,2.6,105,38
兰州,2020-01-05,73,44,85,18,1.2,58,51
兰州,2020-01-06,55,34,54,11,0.8,44,68
兰州,2020-01-07,74,54,80,26,1.4,56,44
兰州,2020-01-08,108,81,122,27,2,82,44
兰州,2020-01-09,79,58,86,23,1,38,73
兰州,2020-01-10,69,50,62,18,1,38,73
兰州,2020-01-11,85,63,86,16,1.4,68,72
兰州,2020-01-12,83,48,72,23,1.5,66,57
兰州,2020-01-13,79,41,69,20,1.2,63,56
兰州,2020-01-14,75,54,86,18,1.6,60,57
兰州,2020-01-15,77,56,80,19,1.3,49,47
兰州,2020-01-16,105,79,114,20,1.9,72,52
兰州,2020-01-17,120,91,132,23,2.3,84,49
兰州,2020-01-18,68,46,72,18,1.2,54,74
兰州,2020-01-19,88,43,74,28,1.6,70,53
兰州,2020-01-20,95,59,94,29,2.2,76,54
兰州,2020-01-21,104,76,112,29,2.2,88,75
兰州,2020-01-22,99,72,106,29,2,79,67
兰州,2020-01-23,60,42,64,22,1.2,48,74
兰州,2020-01-24,54,38,57,16,0.9,38,81
兰州,2020-01-25,102,76,100,24,1.6,46,92
兰州,2020-01-26,79,58,74,16,1.2,42,68
兰州,2020-01-27,92,68,89,20,1.6,48,77
兰州,2020-01-28,94,70,96,26,1.8,51,86
兰州,2020-01-29,89,66,94,28,1.9,60,94
兰州,2020-01-30,78,56,80,28,1.7,62,104
兰州,2020-01-31,73,53,77,28,1.5,57,118
兰州,2020-02-01,57,40,54,17,0.8,25,92
兰州,2020-02-02,48,32,48,18,1.3,38,86
兰州,2020-02-03,69,41,64,24,1.5,55,104
兰州,2020-02-04,69,43,68,29,1.6,55,110
兰州,2020-02-05,65,47,70,24,1.3,47,81
兰州,2020-02-06,69,50,72,26,1.8,48,95
兰州,2020-02-07,62,44,63,20,1.4,42,107
兰州,2020-02-08,58,41,66,20,1,39,102
兰州,2020-02-09,73,53,80,25,1.6,54,104
兰州,2020-02-10,83,59,87,28,1.7,66,93
兰州,2020-02-11,75,44,72,25,1.5,59,130
兰州,2020-02-12,78,36,66,28,1.6,62,116
兰州,2020-02-13,108,42,166,19,1.1,37,86
兰州,2020-02-14,100,34,150,8,0.4,10,81
兰州,2020-02-15,54,21,57,10,0.6,22,96
兰州,2020-02-16,59,33,68,21,1.1,40,110
兰州,2020-02-17,70,40,80,26,1.3,56,102
兰州,2020-02-18,64,36,78,19,1,45,92
兰州,2020-02-19,77,44,104,24,1.4,58,87
兰州,2020-02-20,157,54,263,9,0.4,16,80
兰州,2020-02-21,101,41,151,14,0.9,40,94
兰州,2020-02-22,90,50,130,23,1.4,66,107
兰州,2020-02-23,97,57,128,26,1.6,77,91
兰州,2020-02-24,76,46,101,20,1.4,58,99
兰州,2020-02-25,81,42,112,28,1.1,60,110
兰州,2020-02-26,79,42,108,26,1,49,124
兰州,2020-02-27,68,37,85,13,0.8,33,91
兰州,2020-02-28,70,38,70,14,1.2,56,92
西宁,2020-01-01,94,70,87,30,3,66,59
西宁,2020-01-02,113,85,99,36,2.4,64,54
西宁,2020-01-03,90,67,88,26,2.7,63,60
西宁,2020-01-04,83,61,88,32,2.9,65,60
西宁,2020-01-05,58,41,58,16,1.5,45,79
西宁,2020-01-06,59,38,46,15,1.5,47,71
西宁,2020-01-07,97,72,76,16,2.7,52,64
西宁,2020-01-08,82,60,68,22,2.6,53,79
西宁,2020-01-09,78,57,57,14,1.3,43,88
西宁,2020-01-10,65,47,42,12,1.3,44,88
西宁,2020-01-11,98,73,81,20,3.2,58,67
西宁,2020-01-12,65,45,55,19,1.8,52,74
西宁,2020-01-13,77,56,62,25,1.9,53,73
西宁,2020-01-14,125,95,98,29,2.9,66,71
西宁,2020-01-15,93,69,77,18,1.7,49,62
西宁,2020-01-16,139,106,124,30,2.4,50,75
西宁,2020-01-17,105,79,93,19,2.1,49,71
西宁,2020-01-18,88,65,76,13,1.6,44,86
西宁,2020-01-19,82,60,76,18,1.9,43,78
西宁,2020-01-20,104,78,94,22,1.9,49,79
西宁,2020-01-21,92,68,88,21,2.1,53,80
西宁,2020-01-22,73,53,73,22,2.3,47,86
西宁,2020-01-23,77,56,66,24,1.1,37,99
西宁,2020-01-24,63,45,54,14,1.4,36,93
西宁,2020-01-25,108,81,102,19,2,37,69
西宁,2020-01-26,65,47,57,20,1.7,30,89
西宁,2020-01-27,73,53,64,20,1.8,28,98
西宁,2020-01-28,79,58,69,21,2.1,30,95
西宁,2020-01-29,59,42,50,32,1.8,31,94
西宁,2020-01-30,55,29,40,25,2,30,105
西宁,2020-01-31,58,41,49,21,1.5,27,96
西宁,2020-02-01,68,49,58,21,1.3,25,98
西宁,2020-02-02,47,30,40,13,1.3,25,93
西宁,2020-02-03,43,30,39,18,1.4,29,80
西宁,2020-02-04,40,22,32,19,1.6,31,79
西宁,2020-02-05,55,39,47,24,1.7,33,70
西宁,2020-02-06,60,43,51,18,1.6,36,89
西宁,2020-02-07,60,43,55,23,1.9,34,102
西宁,2020-02-08,70,51,62,22,1.2,29,109
西宁,2020-02-09,70,51,63,19,1.5,35,95
西宁,2020-02-10,44,27,38,20,1.6,33,88
西宁,2020-02-11,46,20,32,22,1.5,35,92
西宁,2020-02-12,48,24,36,25,1.6,36,95
西宁,2020-02-13,89,38,128,23,1.4,31,107
西宁,2020-02-14,94,34,137,8,0.6,17,99
西宁,2020-02-15,58,24,65,9,0.7,21,93
西宁,2020-02-16,55,32,59,19,1.2,26,105
西宁,2020-02-17,55,35,56,18,1.3,31,106
西宁,2020-02-18,58,41,64,16,1.1,34,100
西宁,2020-02-19,58,38,65,18,1.2,32,90
西宁,2020-02-20,120,64,190,10,0.5,22,87
西宁,2020-02-21,95,54,139,13,0.8,26,85
西宁,2020-02-22,73,47,96,19,1.3,36,86
西宁,2020-02-23,63,42,61,24,1.8,50,57
西宁,2020-02-24,55,36,53,20,1.3,44,93
西宁,2020-02-25,60,43,70,19,1.2,29,101
西宁,2020-02-26,75,47,100,20,1.2,28,110
西宁,2020-02-27,58,32,66,9,0.7,26,98
西宁,2020-02-28,53,36,55,14,1.4,33,99
呼和浩特,2020-01-01,143,109,156,44,3.7,74,24
呼和浩特,2020-01-02,214,164,209,34,3.7,87,14
呼和浩特,2020-01-03,237,187,229,32,3.7,92,16
呼和浩特,2020-01-04,212,162,206,32,3.8,96,25
呼和浩特,2020-01-05,109,82,106,28,2.4,81,14
呼和浩特,2020-01-06,39,27,35,15,0.8,27,65
呼和浩特,2020-01-07,98,73,75,18,1.4,48,63
呼和浩特,2020-01-08,158,120,130,24,2.4,68,45
呼和浩特,2020-01-09,201,151,165,21,2,67,22
呼和浩特,2020-01-10,222,172,194,19,1.8,64,28
呼和浩特,2020-01-11,285,235,282,23,3,82,18
呼和浩特,2020-01-12,267,217,253,23,2.8,80,37
呼和浩特,2020-01-13,198,148,179,23,2.4,73,46
呼和浩特,2020-01-14,138,105,125,28,2.2,70,47
呼和浩特,2020-01-15,207,157,183,29,2.9,83,23
呼和浩特,2020-01-16,303,253,283,24,3.3,95,20
呼和浩特,2020-01-17,274,224,240,29,3,92,32
呼和浩特,2020-01-18,371,321,359,36,3.5,90,33
呼和浩特,2020-01-19,169,128,190,28,2.5,72,48
呼和浩特,2020-01-20,107,80,114,24,2.2,60,56
呼和浩特,2020-01-21,102,76,102,31,2.3,62,52
呼和浩特,2020-01-22,176,133,148,28,2.4,65,71
呼和浩特,2020-01-23,200,150,165,24,2.7,64,61
呼和浩特,2020-01-24,238,188,200,25,2.7,62,73
呼和浩特,2020-01-25,410,365,364,45,3,62,91
呼和浩特,2020-01-26,214,164,184,28,2.3,54,80
呼和浩特,2020-01-27,183,138,146,25,2.5,54,68
呼和浩特,2020-01-28,266,216,226,19,2.8,50,62
呼和浩特,2020-01-29,221,171,196,10,2.2,44,48
呼和浩特,2020-01-30,213,163,193,14,2.3,53,58
呼和浩特,2020-01-31,266,216,244,13,2.9,55,51
呼和浩特,2020-02-01,143,109,128,16,2.3,49,54
呼和浩特,2020-02-02,114,86,104,12,1.6,28,83
呼和浩特,2020-02-03,57,40,51,20,1.3,34,69
呼和浩特,2020-02-04,70,51,64,18,1.6,36,72
呼和浩特,2020-02-05,39,24,32,16,1.2,31,78
呼和浩特,2020-02-06,97,72,82,32,1.9,44,81
呼和浩特,2020-02-07,119,90,100,23,1.9,42,98
呼和浩特,2020-02-08,192,144,155,27,2,44,119
呼和浩特,2020-02-09,196,147,162,26,2.2,47,103
呼和浩特,2020-02-10,84,62,81,24,1.6,43,92
呼和浩特,2020-02-11,75,55,71,26,1.5,44,102
呼和浩特,2020-02-12,80,59,73,28,1.6,46,100
呼和浩特,2020-02-13,61,41,72,17,1.1,28,80
呼和浩特,2020-02-14,36,6,26,6,0.5,9,71
呼和浩特,2020-02-15,39,5,16,9,0.5,8,78
呼和浩特,2020-02-16,41,9,18,15,0.6,11,81
呼和浩特,2020-02-17,36,23,30,25,1,26,71
呼和浩特,2020-02-18,54,38,58,26,1.2,35,71
呼和浩特,2020-02-19,126,62,202,20,1.1,31,80
呼和浩特,2020-02-20,138,61,226,22,1.1,34,64
呼和浩特,2020-02-21,95,30,139,11,0.6,12,83
呼和浩特,2020-02-22,38,19,34,21,0.9,28,76
呼和浩特,2020-02-23,62,40,74,28,1.2,42,84
呼和浩特,2020-02-24,88,65,114,30,1.4,43,93
呼和浩特,2020-02-25,101,74,152,24,1.3,34,83
呼和浩特,2020-02-26,45,20,43,13,0.8,25,90
呼和浩特,2020-02-27,90,67,91,26,1.3,35,71
呼和浩特,2020-02-28,99,74,99,25,1.3,32,82
乌鲁木齐,2020-01-01,156,119,106,10,1.9,68,33
乌鲁木齐,2020-01-02,145,111,92,8,1.8,64,29
乌鲁木齐,2020-01-03,139,106,89,8,1.6,59,30
乌鲁木齐,2020-01-04,153,117,103,8,1.8,68,32
乌鲁木齐,2020-01-05,139,106,132,9,1.8,75,24
乌鲁木齐,2020-01-06,236,186,166,9,2.1,72,30
乌鲁木齐,2020-01-07,202,152,128,8,2.4,83,22
乌鲁木齐,2020-01-08,262,212,184,11,2.8,89,21
乌鲁木齐,2020-01-09,228,178,174,10,2.5,79,27
乌鲁木齐,2020-01-10,248,198,201,11,2.3,68,37
乌鲁木齐,2020-01-11,137,104,94,7,1.7,72,37
乌鲁木齐,2020-01-12,261,211,213,9,2.2,66,40
乌鲁木齐,2020-01-13,198,148,138,8,2.2,76,30
乌鲁木齐,2020-01-14,201,151,136,11,2.1,72,39
乌鲁木齐,2020-01-15,144,110,85,8,1.7,63,41
乌鲁木齐,2020-01-16,189,142,136,9,1.7,57,47
乌鲁木齐,2020-01-17,122,92,76,12,1.4,55,49
乌鲁木齐,2020-01-18,75,55,54,7,1.3,58,52
乌鲁木齐,2020-01-19,127,96,95,8,1.7,64,52
乌鲁木齐,2020-01-20,127,96,90,9,1.7,72,54
乌鲁木齐,2020-01-21,208,158,157,8,2.2,82,41
乌鲁木齐,2020-01-22,200,150,139,7,2,80,43
乌鲁木齐,2020-01-23,199,149,136,6,2,78,40
乌鲁木齐,2020-01-24,211,161,171,9,2,60,66
乌鲁木齐,2020-01-25,150,115,105,15,1.6,48,74
乌鲁木齐,2020-01-26,129,98,86,13,1.7,60,65
乌鲁木齐,2020-01-27,144,110,69,8,1.8,61,67
乌鲁木齐,2020-01-28,138,105,94,8,1.6,52,79
乌鲁木齐,2020-01-29,119,90,88,8,1.6,40,78
乌鲁木齐,2020-01-30,166,126,114,7,2,55,57
乌鲁木齐,2020-01-31,152,116,106,7,1.7,42,63
乌鲁木齐,2020-02-01,179,135,131,9,1.8,49,52
乌鲁木齐,2020-02-02,162,123,129,9,1.8,50,70
乌鲁木齐,2020-02-03,132,100,100,8,1.9,63,66
乌鲁木齐,2020-02-04,207,157,148,10,2.2,68,64
乌鲁木齐,2020-02-05,252,202,190,10,2.6,69,64
乌鲁木齐,2020-02-06,203,153,131,9,2.2,69,86
乌鲁木齐,2020-02-07,172,130,148,11,1.9,60,96
乌鲁木齐,2020-02-08,281,231,233,15,2.4,54,107
乌鲁木齐,2020-02-09,127,96,110,12,1.4,31,115
乌鲁木齐,2020-02-10,88,65,68,13,1.4,34,118
乌鲁木齐,2020-02-11,125,95,94,14,1.5,32,139
乌鲁木齐,2020-02-12,52,36,37,7,0.9,20,96
乌鲁木齐,2020-02-13,40,27,26,8,1,32,76
乌鲁木齐,2020-02-14,59,42,42,8,1.1,29,81
乌鲁木齐,2020-02-15,97,72,68,8,1.3,38,86
乌鲁木齐,2020-02-16,84,62,69,7,1.2,35,90
乌鲁木齐,2020-02-17,63,45,62,10,1.2,40,90
乌鲁木齐,2020-02-18,109,82,95,8,1.2,28,87
乌鲁木齐,2020-02-19,58,41,36,8,0.9,22,79
乌鲁木齐,2020-02-20,46,32,25,8,1,34,87
乌鲁木齐,2020-02-21,75,55,50,8,1,31,82
乌鲁木齐,2020-02-22,78,57,52,8,1,32,83
乌鲁木齐,2020-02-23,62,44,73,8,1.1,35,96
乌鲁木齐,2020-02-24,68,49,50,11,1,28,96
乌鲁木齐,2020-02-25,59,42,43,6,1,20,65
乌鲁木齐,2020-02-26,69,50,52,6,1.2,31,68
乌鲁木齐,2020-02-27,82,60,61,6,1.2,20,67
乌鲁木齐,2020-02-28,35,23,22,6,0.8,17,70
拉萨,2020-01-01,44,20,44,6,0.8,32,63
拉萨,2020-01-02,53,28,55,7,1.1,38,57
拉萨,2020-01-03,33,17,31,6,0.7,22,66
拉萨,2020-01-04,37,12,33,6,0.5,15,74
拉萨,2020-01-05,44,7,18,6,0.5,10,87
拉萨,2020-01-06,46,13,32,6,0.9,26,92
拉萨,2020-01-07,44,22,44,6,1,32,74
拉萨,2020-01-08,61,31,71,6,1,34,72
拉萨,2020-01-09,41,16,41,6,0.6,17,82
拉萨,2020-01-10,46,11,28,6,0.6,16,92
拉萨,2020-01-11,41,12,30,6,0.7,20,81
拉萨,2020-01-12,41,19,41,6,1,27,72
拉萨,2020-01-13,54,31,57,8,1.2,32,68
拉萨,2020-01-14,52,32,54,9,1.3,33,73
拉萨,2020-01-15,45,25,45,8,1,30,70
拉萨,2020-01-16,39,19,39,6,1,31,66
拉萨,2020-01-17,59,23,68,7,0.9,26,93
拉萨,2020-01-18,44,9,24,6,0.6,14,88
拉萨,2020-01-19,41,10,40,6,0.5,8,82
拉萨,2020-01-20,45,9,16,6,0.6,12,90
拉萨,2020-01-21,39,14,25,6,0.8,24,77
拉萨,2020-01-22,43,14,42,6,0.7,18,86
拉萨,2020-01-23,40,10,40,5,0.6,10,80
拉萨,2020-01-24,46,6,15,5,0.6,8,91
拉萨,2020-01-25,44,9,14,5,0.7,10,88
拉萨,2020-01-26,40,13,20,6,0.8,18,80
拉萨,2020-01-27,40,14,23,7,0.8,20,80
拉萨,2020-01-28,42,12,24,6,0.7,15,83
拉萨,2020-01-29,43,14,25,6,0.7,16,85
拉萨,2020-01-30,43,12,29,6,0.7,10,85
拉萨,2020-01-31,45,10,20,6,0.6,11,90
拉萨,2020-02-01,43,12,42,6,0.6,8,86
拉萨,2020-02-02,52,10,21,6,0.6,6,102
拉萨,2020-02-03,47,7,11,6,0.6,8,94
拉萨,2020-02-04,42,12,18,6,0.8,12,84
拉萨,2020-02-05,47,12,23,5,0.8,10,94
拉萨,2020-02-06,45,8,15,5,0.7,8,90
拉萨,2020-02-07,46,12,28,6,0.7,8,92
拉萨,2020-02-08,45,10,23,5,0.7,5,90
拉萨,2020-02-09,49,9,18,6,0.7,6,98
拉萨,2020-02-10,48,9,15,6,0.8,8,95
拉萨,2020-02-11,42,11,18,6,0.8,11,83
拉萨,2020-02-12,40,12,21,6,0.8,13,79
拉萨,2020-02-13,43,12,23,6,0.7,13,86
拉萨,2020-02-14,42,11,20,5,0.6,12,84
拉萨,2020-02-15,42,11,30,6,0.5,10,83
拉萨,2020-02-16,40,8,16,6,0.6,10,80
拉萨,2020-02-17,43,11,26,6,0.6,11,86
拉萨,2020-02-18,44,6,14,6,0.5,7,88
拉萨,2020-02-19,41,10,18,6,0.6,12,82
拉萨,2020-02-20,40,11,23,5,0.7,14,80
拉萨,2020-02-21,44,10,21,6,0.5,7,88
拉萨,2020-02-22,47,13,28,6,0.6,8,94
拉萨,2020-02-23,50,9,19,6,0.5,7,100
拉萨,2020-02-24,50,12,18,7,0.5,6,100
拉萨,2020-02-25,50,10,18,6,0.6,6,100
拉萨,2020-02-26,48,11,19,7,0.5,8,95
拉萨,2020-02-27,46,6,11,6,0.5,6,91
拉萨,2020-02-28,44,6,12,6,0.5,7,88
南宁,2020-01-01,62,44,69,11,1,31,103
南宁,2020-01-02,49,27,49,8,0.8,31,61
南宁,2020-01-03,50,25,50,9,0.7,29,58
南宁,2020-01-04,53,28,55,9,0.6,32,86
南宁,2020-01-05,52,29,54,9,0.6,26,94
南宁,2020-01-06,50,27,50,8,0.6,21,73
南宁,2020-01-07,57,30,64,9,0.7,36,75
南宁,2020-01-08,72,52,83,10,0.9,37,83
南宁,2020-01-09,55,35,59,8,0.7,26,96
南宁,2020-01-10,49,24,49,7,0.7,20,84
南宁,2020-01-11,37,18,37,8,0.9,22,54
南宁,2020-01-12,34,15,31,10,0.8,24,67
南宁,2020-01-13,74,54,80,11,1,39,54
南宁,2020-01-14,63,45,61,8,1.1,34,21
南宁,2020-01-15,42,19,32,7,1,33,41
南宁,2020-01-16,37,19,34,7,1,29,23
南宁,2020-01-17,29,18,29,7,1,22,36
南宁,2020-01-18,52,36,50,7,1,26,27
南宁,2020-01-19,40,28,38,7,0.8,21,45
南宁,2020-01-20,72,52,62,7,1,30,35
南宁,2020-01-21,69,50,60,7,1.3,33,16
南宁,2020-01-22,53,37,53,9,0.9,24,69
南宁,2020-01-23,45,31,45,32,0.7,14,77
南宁,2020-01-24,49,34,46,11,0.8,17,44
南宁,2020-01-25,23,9,17,6,0.9,9,32
南宁,2020-01-26,30,7,11,6,0.9,8,59
南宁,2020-01-27,31,18,18,6,0.7,8,61
南宁,2020-01-28,39,27,28,7,0.6,8,63
南宁,2020-01-29,57,40,43,7,0.7,14,68
南宁,2020-01-30,65,47,54,7,0.8,20,99
南宁,2020-01-31,79,58,68,9,0.8,21,113
南宁,2020-02-01,110,83,90,10,0.9,23,78
南宁,2020-02-02,160,122,141,10,1.1,29,60
南宁,2020-02-03,57,40,51,6,1,15,37
南宁,2020-02-04,23,7,14,6,0.9,13,45
南宁,2020-02-05,23,12,17,6,0.9,15,31
南宁,2020-02-06,29,13,18,6,1.1,23,13
南宁,2020-02-07,23,7,11,6,0.9,13,32
南宁,2020-02-08,23,8,13,6,0.9,10,30
南宁,2020-02-09,18,8,14,6,0.7,9,35
南宁,2020-02-10,36,25,30,7,0.8,17,52
南宁,2020-02-11,73,53,61,7,0.9,18,56
南宁,2020-02-12,52,36,50,6,0.8,15,53
南宁,2020-02-13,29,19,28,6,0.7,14,58
南宁,2020-02-14,30,20,30,6,0.7,14,59
南宁,2020-02-15,35,17,26,6,0.6,11,70
南宁,2020-02-16,36,6,13,6,0.4,6,72
南宁,2020-02-17,43,19,28,8,0.4,9,85
南宁,2020-02-18,52,36,41,10,0.5,14,101
南宁,2020-02-19,84,62,71,9,0.7,20,76
南宁,2020-02-20,120,91,106,9,0.9,26,86
南宁,2020-02-21,62,44,59,7,0.7,19,107
南宁,2020-02-22,85,63,79,7,0.8,23,121
南宁,2020-02-23,80,59,76,8,0.8,25,134
南宁,2020-02-24,50,31,50,8,0.7,15,98
南宁,2020-02-25,47,29,47,7,0.7,16,90
南宁,2020-02-26,48,31,48,8,0.7,23,88
南宁,2020-02-27,46,31,46,8,0.7,22,88
南宁,2020-02-28,40,26,40,7,0.6,19,53
银川,2020-01-01,107,80,145,58,2.8,63,29
银川,2020-01-02,155,118,186,56,3.5,75,25
银川,2020-01-03,159,121,184,29,2.6,84,22
银川,2020-01-04,155,118,176,30,2.6,68,47
银川,2020-01-05,137,104,143,27,2.2,58,21
银川,2020-01-06,162,123,176,15,2.1,48,31
银川,2020-01-07,63,45,68,15,1.1,45,57
银川,2020-01-08,109,82,113,17,1.7,52,62
银川,2020-01-09,208,158,214,24,2.6,73,33
银川,2020-01-10,283,233,312,16,3.1,72,33
银川,2020-01-11,244,194,256,9,2.4,61,35
银川,2020-01-12,214,164,218,8,2,55,36
银川,2020-01-13,89,66,88,9,0.9,41,59
银川,2020-01-14,122,92,126,11,1.8,46,66
银川,2020-01-15,92,68,89,10,1.1,43,42
银川,2020-01-16,115,87,116,11,1.3,49,53
银川,2020-01-17,132,100,139,10,1.5,56,66
银川,2020-01-18,100,75,112,9,1.2,52,75
银川,2020-01-19,48,19,48,9,0.7,38,69
银川,2020-01-20,59,29,54,19,0.9,47,63
银川,2020-01-21,88,65,100,23,1.7,59,54
银川,2020-01-22,95,71,96,27,1.7,66,61
银川,2020-01-23,109,82,111,31,1.8,68,74
银川,2020-01-24,90,67,88,23,1.3,46,88
银川,2020-01-25,105,79,90,16,1.2,38,88
银川,2020-01-26,67,48,61,17,0.9,25,82
银川,2020-01-27,107,80,93,15,1.3,23,81
银川,2020-01-28,77,56,66,10,1,27,94
银川,2020-01-29,88,65,78,13,1.1,31,92
银川,2020-01-30,75,55,72,18,1.1,33,101
银川,2020-01-31,65,47,61,21,1.2,31,97
银川,2020-02-01,54,34,58,24,1.2,28,68
银川,2020-02-02,53,30,55,15,0.8,22,88
银川,2020-02-03,56,35,61,30,1.4,30,78
银川,2020-02-04,77,56,81,30,1.6,41,116
银川,2020-02-05,67,48,69,32,1.5,34,93
银川,2020-02-06,79,58,86,39,1.5,35,110
银川,2020-02-07,87,64,84,23,1.4,36,96
银川,2020-02-08,67,48,65,18,1,30,105
银川,2020-02-09,47,31,46,17,0.8,29,94
银川,2020-02-10,65,47,72,26,1.2,40,96
银川,2020-02-11,73,53,77,25,1.2,46,113
银川,2020-02-12,80,59,88,25,1.2,47,112
银川,2020-02-13,89,53,128,23,1.1,33,92
银川,2020-02-14,71,24,92,13,0.6,12,68
银川,2020-02-15,40,18,40,10,0.5,15,75
银川,2020-02-16,43,24,39,16,0.7,29,86
银川,2020-02-17,54,34,48,21,0.9,36,104
银川,2020-02-18,60,35,69,20,0.8,33,92
银川,2020-02-19,169,62,287,23,0.8,26,97
银川,2020-02-20,123,39,195,13,0.6,14,91
银川,2020-02-21,64,23,77,7,0.5,12,92
银川,2020-02-22,51,23,52,18,0.7,26,86
银川,2020-02-23,86,61,121,45,1.6,50,94
银川,2020-02-24,88,49,125,31,1.1,35,111
银川,2020-02-25,106,48,161,21,0.8,33,98
银川,2020-02-26,76,41,102,32,1.1,33,64
银川,2020-02-27,79,44,107,21,1,29,69
银川,2020-02-28,63,36,76,18,0.9,27,97
南昌,2020-01-01,64,42,78,15,0.8,47,33
南昌,2020-01-02,88,65,86,9,1,48,16
南昌,2020-01-03,100,75,92,7,1,51,16
南昌,2020-01-04,62,44,54,5,1.2,46,14
南昌,2020-01-05,70,51,86,9,1.1,50,11
南昌,2020-01-06,80,58,110,17,1.3,61,49
南昌,2020-01-07,48,30,48,5,1.4,34,62
南昌,2020-01-08,50,35,48,6,1.1,29,85
南昌,2020-01-09,53,37,48,6,0.8,35,27
南昌,2020-01-10,45,24,26,4,0.9,36,11
南昌,2020-01-11,37,16,20,3,0.8,29,18
南昌,2020-01-12,43,30,41,4,0.6,30,51
南昌,2020-01-13,55,39,59,6,0.7,42,44
南昌,2020-01-14,108,81,107,8,0.9,35,64
南昌,2020-01-15,93,69,80,5,1.2,41,39
南昌,2020-01-16,50,35,36,4,1,27,36
南昌,2020-01-17,84,62,68,4,0.8,29,41
南昌,2020-01-18,65,47,59,6,0.7,32,42
南昌,2020-01-19,82,60,77,5,0.8,36,78
南昌,2020-01-20,95,71,97,7,0.9,51,83
南昌,2020-01-21,98,73,93,8,1,38,66
南昌,2020-01-22,62,44,45,4,1,24,51
南昌,2020-01-23,34,23,23,3,0.9,18,68
南昌,2020-01-24,40,28,29,4,0.7,15,58
南昌,2020-01-25,57,40,42,4,0.6,11,66
南昌,2020-01-26,28,9,9,2,0.4,8,56
南昌,2020-01-27,40,28,27,4,0.8,9,66
南昌,2020-01-28,54,38,39,4,0.7,10,69
南昌,2020-01-29,69,50,55,5,0.7,17,96
南昌,2020-01-30,67,48,51,4,0.6,19,101
南昌,2020-01-31,85,63,68,6,0.8,23,114
南昌,2020-02-01,74,54,60,6,0.7,18,103
南昌,2020-02-02,75,55,60,8,0.8,20,70
南昌,2020-02-03,53,37,42,6,0.6,13,81
南昌,2020-02-04,44,30,36,4,0.5,16,88
南昌,2020-02-05,50,35,40,5,0.6,15,86
南昌,2020-02-06,37,23,25,4,0.5,8,74
南昌,2020-02-07,28,12,13,5,0.5,7,55
南昌,2020-02-08,34,23,25,6,0.6,8,68
南昌,2020-02-09,43,24,28,5,0.6,12,86
南昌,2020-02-10,43,30,36,7,0.6,22,60
南昌,2020-02-11,48,33,35,4,0.7,15,53
南昌,2020-02-12,28,19,19,3,0.7,13,56
南昌,2020-02-13,32,22,29,4,0.7,17,43
南昌,2020-02-14,27,18,26,5,0.7,15,54
南昌,2020-02-15,29,9,13,3,0.6,8,58
南昌,2020-02-16,42,14,23,5,0.4,6,84
南昌,2020-02-17,50,14,27,7,0.3,11,99
南昌,2020-02-18,60,22,31,6,0.4,20,111
南昌,2020-02-19,52,36,50,11,0.5,32,61
南昌,2020-02-20,57,40,52,6,0.5,24,96
南昌,2020-02-21,49,34,43,6,0.5,25,70
南昌,2020-02-22,54,38,57,6,0.5,20,94
南昌,2020-02-23,67,45,84,9,0.7,35,116
南昌,2020-02-24,69,50,74,8,0.7,37,109
南昌,2020-02-25,62,28,46,7,0.5,20,114
南昌,2020-02-26,82,60,77,7,0.8,18,65
南昌,2020-02-27,74,54,80,9,0.7,22,53
南昌,2020-02-28,84,62,89,8,0.8,27,41
郑州,2020-01-01,73,53,80,11,0.8,49,34
郑州,2020-01-02,124,94,125,14,1.2,71,19
郑州,2020-01-03,192,144,183,15,1.4,90,14
郑州,2020-01-04,249,199,229,13,1.6,98,24
郑州,2020-01-05,276,226,176,8,2.2,71,18
郑州,2020-01-06,172,130,105,11,2.2,57,17
郑州,2020-01-07,95,71,59,8,1.6,40,54
郑州,2020-01-08,118,89,82,7,1.4,50,30
郑州,2020-01-09,79,56,64,7,0.8,63,45
郑州,2020-01-10,133,101,106,8,1,65,17
郑州,2020-01-11,183,138,141,10,1.5,54,60
郑州,2020-01-12,179,135,140,8,1.4,62,20
郑州,2020-01-13,238,188,204,8,1.9,57,40
郑州,2020-01-14,228,178,184,12,1.6,61,76
郑州,2020-01-15,128,97,105,10,0.9,56,58
郑州,2020-01-16,124,94,79,7,0.8,51,47
郑州,2020-01-17,195,146,143,9,1.2,59,54
郑州,2020-01-18,186,140,163,10,1.4,51,70
郑州,2020-01-19,65,37,79,10,0.5,28,83
郑州,2020-01-20,66,47,81,12,0.8,35,71
郑州,2020-01-21,165,125,152,12,1.4,58,40
郑州,2020-01-22,213,163,181,12,1.5,65,46
郑州,2020-01-23,258,208,212,7,1.6,52,64
郑州,2020-01-24,281,231,244,13,2.2,29,94
郑州,2020-01-25,115,87,101,13,1.2,26,66
郑州,2020-01-26,125,95,104,15,1.1,18,104
郑州,2020-01-27,103,77,81,10,0.9,21,96
郑州,2020-01-28,104,78,83,12,1.1,39,108
郑州,2020-01-29,125,95,99,12,1.1,28,109
郑州,2020-01-30,137,104,108,13,1.1,31,122
郑州,2020-01-31,125,95,101,11,0.9,27,130
郑州,2020-02-01,189,142,146,12,1.4,26,100
郑州,2020-02-02,107,80,89,13,1.1,20,118
郑州,2020-02-03,113,85,92,10,0.9,15,116
郑州,2020-02-04,144,110,126,11,1.2,24,109
郑州,2020-02-05,80,59,74,7,0.8,15,57
郑州,2020-02-06,64,46,51,6,0.7,15,58
郑州,2020-02-07,92,68,65,7,0.8,17,82
郑州,2020-02-08,120,91,88,9,1,24,96
郑州,2020-02-09,72,52,59,9,0.7,20,114
郑州,2020-02-10,68,32,42,9,0.5,17,121
郑州,2020-02-11,72,52,58,9,0.6,17,106
郑州,2020-02-12,87,64,68,8,0.7,20,103
郑州,2020-02-13,69,50,54,7,0.8,18,61
郑州,2020-02-14,67,46,84,7,0.9,19,59
郑州,2020-02-15,38,15,32,6,0.6,11,76
郑州,2020-02-16,44,9,28,8,0.4,11,88
郑州,2020-02-17,46,15,28,10,0.6,17,92
郑州,2020-02-18,58,23,35,7,0.5,21,109
郑州,2020-02-19,50,35,45,8,0.6,26,100
郑州,2020-02-20,138,105,103,8,1,31,94
郑州,2020-02-21,88,36,125,7,0.5,18,96
郑州,2020-02-22,78,30,105,10,0.5,24,101
郑州,2020-02-23,74,54,98,8,0.6,20,123
郑州,2020-02-24,115,87,110,8,1,31,57
郑州,2020-02-25,144,110,114,9,1.4,25,104
郑州,2020-02-26,88,65,75,5,0.9,17,70
郑州,2020-02-27,70,51,51,6,0.9,22,51
郑州,2020-02-28,75,55,43,5,1.1,29,68
