北京,2020-03-01,38,21,21,2,0.8,19,76
北京,2020-03-02,36,25,27,3,0.5,28,66
北京,2020-03-03,39,14,21,2,0.3,9,78
北京,2020-03-04,38,11,16,2,0.2,10,76
北京,2020-03-05,54,38,48,4,0.5,28,82
北京,2020-03-06,113,85,79,4,0.8,40,67
北京,2020-03-07,87,64,45,3,0.7,20,89
北京,2020-03-08,128,97,61,3,1,29,44
北京,2020-03-09,70,51,32,2,0.7,24,69
北京,2020-03-10,39,10,30,2,0.3,15,77
北京,2020-03-11,55,29,51,4,0.5,44,60
北京,2020-03-12,41,18,37,3,0.4,22,81
北京,2020-03-13,40,11,23,3,0.3,14,79
天津,2020-03-01,55,39,37,4,0.8,28,74
天津,2020-03-02,57,40,44,9,0.9,40,80
天津,2020-03-03,40,28,24,4,0.6,19,78
天津,2020-03-04,40,10,16,4,0.3,18,80
天津,2020-03-05,54,33,42,12,0.8,43,81
天津,2020-03-06,110,83,86,12,0.9,46,98
天津,2020-03-07,138,105,67,6,1.1,34,104
天津,2020-03-08,147,112,85,3,1.3,34,82
天津,2020-03-09,103,77,48,6,1.4,39,54
天津,2020-03-10,43,30,32,5,0.6,34,76
天津,2020-03-11,68,43,85,12,0.7,51,96
天津,2020-03-12,76,45,102,11,0.8,43,63
天津,2020-03-13,51,24,51,7,0.5,36,81
上海,2020-03-01,40,16,13,4,0.6,23,79
上海,2020-03-02,48,24,28,5,0.8,18,96
上海,2020-03-03,41,22,33,5,0.6,29,82
上海,2020-03-04,47,29,35,5,0.6,22,94
上海,2020-03-05,50,22,30,5,0.5,20,99
上海,2020-03-06,62,22,32,5,0.5,22,114
上海,2020-03-07,82,60,44,6,0.7,37,106
上海,2020-03-08,55,18,19,4,0.4,23,106
上海,2020-03-09,43,12,7,4,0.6,34,82
上海,2020-03-10,48,30,30,5,0.7,29,96
上海,2020-03-11,85,63,63,6,0.8,50,112
上海,2020-03-12,69,50,48,6,0.7,30,110
上海,2020-03-13,42,23,25,4,0.6,32,84
重庆,2020-03-01,59,42,57,8,1.2,36,57
重庆,2020-03-02,45,31,45,6,0.6,23,68
重庆,2020-03-03,30,21,27,5,0.6,22,47
重庆,2020-03-04,34,21,28,5,0.6,27,36
重庆,2020-03-05,38,26,37,7,0.7,28,50
重庆,2020-03-06,54,38,58,8,0.7,35,62
重庆,2020-03-07,69,50,71,8,0.9,35,87
重庆,2020-03-08,62,44,62,7,0.9,35,48
重庆,2020-03-09,63,45,72,7,0.7,29,69
重庆,2020-03-10,58,32,66,7,0.6,36,78
重庆,2020-03-11,60,39,70,8,0.7,38,45
重庆,2020-03-12,57,38,64,7,0.7,39,66
重庆,2020-03-13,77,56,84,10,1,50,40
石家庄,2020-03-01,54,38,56,7,0.9,25,84
石家庄,2020-03-02,74,54,94,12,0.9,37,78
石家庄,2020-03-03,52,30,53,6,0.4,21,81
石家庄,2020-03-04,38,20,34,7,0.3,20,75
石家庄,2020-03-05,71,49,92,19,1,50,74
石家庄,2020-03-06,133,101,161,20,1.6,58,93
石家庄,2020-03-07,113,85,132,15,1,46,105
石家庄,2020-03-08,188,141,190,10,1.3,49,47
石家庄,2020-03-09,120,91,113,8,1.3,29,84
石家庄,2020-03-10,69,33,88,11,0.7,32,79
石家庄,2020-03-11,81,34,112,17,0.7,50,90
石家庄,2020-03-12,87,48,123,14,0.8,49,62
石家庄,2020-03-13,57,29,63,8,0.6,31,83
太原,2020-03-01,40,8,26,8,0.4,20,80
太原,2020-03-02,70,45,90,21,0.8,39,74
太原,2020-03-03,43,10,32,7,0.4,18,85
太原,2020-03-04,52,29,53,15,0.6,37,79
太原,2020-03-05,112,84,124,26,0.9,49,102
太原,2020-03-06,92,68,104,17,0.8,41,99
太原,2020-03-07,61,29,71,14,0.7,44,92
太原,2020-03-08,120,91,147,21,1.2,62,52
太原,2020-03-09,58,41,60,10,0.7,27,79
太原,2020-03-10,66,22,82,6,0.4,24,86
太原,2020-03-11,83,49,116,29,0.8,59,89
太原,2020-03-12,87,46,124,28,0.8,59,58
太原,2020-03-13,59,24,68,11,0.5,37,81
西安,2020-03-01,68,36,86,7,0.7,36,80
西安,2020-03-02,41,26,41,6,0.5,26,65
西安,2020-03-03,52,31,54,7,0.6,34,79
西安,2020-03-04,75,55,89,9,0.7,46,75
西安,2020-03-05,92,68,88,9,0.7,38,91
西安,2020-03-06,110,83,111,9,0.8,55,103
西安,2020-03-07,117,88,129,13,1,58,96
西安,2020-03-08,102,76,116,10,0.8,46,71
西安,2020-03-09,110,40,169,7,0.3,23,73
西安,2020-03-10,97,43,143,8,0.4,39,89
西安,2020-03-11,83,49,116,11,0.6,61,74
西安,2020-03-12,93,66,135,12,0.8,65,45
西安,2020-03-13,92,36,134,9,0.5,45,86
济南,2020-03-01,98,73,95,8,1,33,77
济南,2020-03-02,68,49,77,11,0.9,32,86
济南,2020-03-03,57,36,63,9,0.6,25,80
济南,2020-03-04,42,20,40,10,0.6,30,83
济南,2020-03-05,63,42,76,12,0.7,32,110
济南,2020-03-06,79,58,93,12,0.7,29,121
济南,2020-03-07,113,85,118,9,0.9,39,115
济南,2020-03-08,137,104,152,12,1.2,44,130
济南,2020-03-09,140,107,139,6,1,35,45
济南,2020-03-10,65,42,79,8,0.8,30,87
济南,2020-03-11,85,42,119,11,0.7,30,115
济南,2020-03-12,87,43,123,11,0.7,24,111
济南,2020-03-13,56,25,62,13,0.7,30,85
沈阳,2020-03-01,53,37,49,11,0.5,26,81
沈阳,2020-03-02,58,41,55,13,0.6,32,69
沈阳,2020-03-03,77,56,73,18,0.9,38,60
沈阳,2020-03-04,49,34,47,12,0.5,22,86
沈阳,2020-03-05,57,40,55,20,1,40,81
沈阳,2020-03-06,64,46,64,16,0.8,27,78
沈阳,2020-03-07,60,43,57,14,0.8,41,74
沈阳,2020-03-08,67,48,60,15,0.9,32,81
沈阳,2020-03-09,72,52,66,10,0.8,30,63
沈阳,2020-03-10,45,24,45,11,0.5,23,76
沈阳,2020-03-11,43,18,43,14,0.5,27,71
沈阳,2020-03-12,57,19,64,11,0.4,20,77
沈阳,2020-03-13,50,18,50,12,0.5,25,81
长春,2020-03-01,77,56,57,10,0.8,35,78
长春,2020-03-02,87,64,64,11,0.8,35,88
长春,2020-03-03,90,67,67,13,0.8,31,84
长春,2020-03-04,62,44,48,11,0.6,26,77
长春,2020-03-05,46,29,33,11,0.6,28,92
长春,2020-03-06,59,42,44,11,0.6,20,98
长春,2020-03-07,89,66,64,9,0.7,26,89
长春,2020-03-08,79,58,53,10,0.8,25,80
长春,2020-03-09,57,40,45,10,0.6,21,81
长春,2020-03-10,48,33,41,10,0.6,27,83
长春,2020-03-11,39,27,35,11,0.5,26,78
长春,2020-03-12,150,24,249,7,0.5,13,72
长春,2020-03-13,38,13,34,7,0.5,13,75
哈尔滨,2020-03-01,120,91,92,24,0.8,37,108
哈尔滨,2020-03-02,133,101,104,26,0.8,40,116
哈尔滨,2020-03-03,165,125,131,26,1.1,50,120
哈尔滨,2020-03-04,62,44,52,16,0.6,24,98
哈尔滨,2020-03-05,62,44,50,16,0.6,27,107
哈尔滨,2020-03-06,68,39,45,16,0.7,23,121
哈尔滨,2020-03-07,103,77,82,15,0.8,25,130
哈尔滨,2020-03-08,94,70,73,14,0.8,25,75
哈尔滨,2020-03-09,46,30,40,16,0.5,24,92
哈尔滨,2020-03-10,47,31,38,16,0.5,25,94
哈尔滨,2020-03-11,48,26,34,15,0.5,20,95
哈尔滨,2020-03-12,41,16,37,11,0.5,13,82
哈尔滨,2020-03-13,41,12,21,9,0.4,12,82
南京,2020-03-01,40,28,35,4,0.6,23,58
南京,2020-03-02,43,30,41,4,0.7,26,86
南京,2020-03-03,56,35,54,6,0.7,32,107
南京,2020-03-04,60,43,67,5,0.6,33,107
南京,2020-03-05,64,32,55,6,0.6,28,116
南京,2020-03-06,60,35,58,6,0.6,34,111
南京,2020-03-07,75,42,63,7,0.8,36,130
南京,2020-03-08,69,50,78,6,0.7,34,103
南京,2020-03-09,37,14,20,4,0.5,28,73
南京,2020-03-10,47,31,39,4,0.7,27,94
南京,2020-03-11,68,47,85,8,1,50,109
南京,2020-03-12,76,53,85,7,0.9,42,131
南京,2020-03-13,65,47,79,6,0.8,40,73
杭州,2020-03-01,32,20,28,5,0.8,25,53
杭州,2020-03-02,44,24,38,5,0.8,20,88
杭州,2020-03-03,51,32,52,5,0.7,38,65
杭州,2020-03-04,59,38,61,6,0.8,47,61
杭州,2020-03-05,60,26,46,6,0.6,30,112
杭州,2020-03-06,59,37,59,6,0.7,47,68
杭州,2020-03-07,55,34,48,5,0.8,44,62
杭州,2020-03-08,50,30,50,5,0.7,36,72
杭州,2020-03-09,33,10,16,4,0.6,26,52
杭州,2020-03-10,42,19,31,4,0.7,25,83
杭州,2020-03-11,63,43,75,6,0.9,39,107
杭州,2020-03-12,60,40,69,6,0.8,44,70
杭州,2020-03-13,62,44,70,6,0.8,39,59
合肥,2020-03-01,38,26,28,4,0.5,22,57
合肥,2020-03-02,45,31,33,5,0.6,25,72
合肥,2020-03-03,55,39,47,6,0.6,33,88
合肥,2020-03-04,80,59,69,6,0.6,32,105
合肥,2020-03-05,51,28,44,8,0.5,31,101
合肥,2020-03-06,64,46,53,8,0.6,38,60
合肥,2020-03-07,68,49,55,6,0.8,40,95
合肥,2020-03-08,79,58,62,8,0.7,45,95
合肥,2020-03-09,78,57,47,4,0.7,29,48
合肥,2020-03-10,79,58,47,4,1,32,78
合肥,2020-03-11,64,46,64,6,0.8,33,104
合肥,2020-03-12,62,40,73,8,0.7,37,93
合肥,2020-03-13,68,49,63,6,0.6,40,56
郑州,2020-03-01,85,63,65,5,1.3,26,81
郑州,2020-03-02,70,51,62,6,0.8,28,96
郑州,2020-03-03,60,43,69,8,0.7,33,80
郑州,2020-03-04,60,35,70,9,0.6,41,66
郑州,2020-03-05,83,61,90,10,0.6,36,128
郑州,2020-03-06,94,70,86,9,0.7,38,113
郑州,2020-03-07,124,94,120,10,0.9,42,138
郑州,2020-03-08,135,103,134,8,0.9,58,117
郑州,2020-03-09,176,133,147,7,1.4,43,50
郑州,2020-03-10,78,33,106,8,0.6,29,104
郑州,2020-03-11,93,36,136,9,0.6,47,107
郑州,2020-03-12,78,40,106,10,0.6,31,121
郑州,2020-03-13,60,32,69,10,0.6,28,86
南昌,2020-03-01,44,25,32,5,0.7,15,87
南昌,2020-03-02,39,27,34,5,0.6,15,69
南昌,2020-03-03,45,31,36,5,0.7,20,62
南昌,2020-03-04,77,56,76,8,0.8,26,71
南昌,2020-03-05,59,42,58,5,0.5,20,99
南昌,2020-03-06,39,27,32,8,0.6,29,44
南昌,2020-03-07,30,17,25,4,0.6,24,52
南昌,2020-03-08,33,19,28,4,0.7,26,38
南昌,2020-03-09,41,18,24,4,0.7,16,82
南昌,2020-03-10,65,39,49,4,0.7,21,117
南昌,2020-03-11,67,48,72,7,0.9,44,105
南昌,2020-03-12,50,35,46,6,0.7,29,55
南昌,2020-03-13,55,29,47,4,0.6,20,106
福州,2020-03-01,33,20,18,4,0.9,20,65
福州,2020-03-02,43,10,16,3,0.7,13,85
福州,2020-03-03,43,20,30,4,0.8,16,85
福州,2020-03-04,41,19,17,3,0.9,16,81
福州,2020-03-05,53,18,28,5,0.6,11,103
福州,2020-03-06,51,23,38,6,0.6,18,101
福州,2020-03-07,54,38,39,5,0.7,33,75
福州,2020-03-08,34,22,19,3,0.7,22,67
福州,2020-03-09,44,25,25,4,0.8,24,87
福州,2020-03-10,33,8,15,4,0.6,17,66
福州,2020-03-11,63,20,30,4,0.6,17,115
福州,2020-03-12,50,15,14,3,0.7,22,99
福州,2020-03-13,41,24,16,4,0.7,28,82
武汉,2020-03-01,40,28,38,5,0.9,14,80
武汉,2020-03-02,38,26,36,6,0.9,15,67
武汉,2020-03-03,33,23,27,6,0.8,18,58
武汉,2020-03-04,50,33,40,8,1,22,100
武汉,2020-03-05,70,51,60,10,0.9,21,118
武汉,2020-03-06,58,41,48,9,0.9,18,72
武汉,2020-03-07,54,34,42,9,1.1,20,104
武汉,2020-03-08,39,27,32,8,1.2,20,68
武汉,2020-03-09,62,44,50,6,1,15,88
武汉,2020-03-10,51,32,52,6,0.9,19,97
武汉,2020-03-11,60,38,70,12,1.1,27,105
武汉,2020-03-12,67,48,63,17,1.3,31,72
武汉,2020-03-13,78,57,85,7,1.1,25,79
长沙,2020-03-01,55,39,32,4,0.8,13,75
长沙,2020-03-02,55,39,37,4,0.9,19,46
长沙,2020-03-03,31,19,15,4,0.8,13,62
长沙,2020-03-04,60,43,37,5,0.8,22,49
长沙,2020-03-05,65,47,41,6,0.9,30,77
长沙,2020-03-06,46,32,22,4,1,28,55
长沙,2020-03-07,46,32,23,4,1.1,31,29
长沙,2020-03-08,59,42,30,4,1.1,25,25
长沙,2020-03-09,55,39,28,4,0.9,13,96
长沙,2020-03-10,56,39,45,6,0.8,22,107
长沙,2020-03-11,67,48,61,8,1,42,70
长沙,2020-03-12,53,37,34,5,0.9,22,64
长沙,2020-03-13,75,55,67,7,0.9,27,103
成都,2020-03-01,60,41,70,8,0.7,35,63
成都,2020-03-02,34,17,34,5,0.6,18,67
成都,2020-03-03,38,22,38,6,0.5,29,69
成都,2020-03-04,42,24,41,6,0.5,30,83
成都,2020-03-05,60,43,64,7,0.6,29,62
成都,2020-03-06,72,52,68,7,0.6,30,65
成都,2020-03-07,77,56,78,8,0.6,34,100
成都,2020-03-08,84,62,89,11,0.7,38,72
成都,2020-03-09,64,28,77,7,0.5,31,60
成都,2020-03-10,55,22,60,6,0.4,27,75
成都,2020-03-11,63,35,75,7,0.5,29,92
成都,2020-03-12,80,59,105,8,0.6,42,76
成都,2020-03-13,88,63,125,8,0.7,50,71
贵阳,2020-03-01,46,32,46,8,0.6,10,58
贵阳,2020-03-02,27,15,27,9,0.7,14,39
贵阳,2020-03-03,26,16,26,11,0.7,13,46
贵阳,2020-03-04,29,18,29,12,0.7,12,50
贵阳,2020-03-05,43,25,43,14,0.6,16,61
贵阳,2020-03-06,48,31,48,11,0.6,14,74
贵阳,2020-03-07,46,31,46,10,0.6,14,82
贵阳,2020-03-08,56,36,59,11,0.6,14,107
贵阳,2020-03-09,59,42,59,11,0.7,13,83
贵阳,2020-03-10,46,26,46,9,0.5,13,73
贵阳,2020-03-11,54,33,57,13,0.7,25,63
贵阳,2020-03-12,50,34,50,10,0.7,18,70
贵阳,2020-03-13,60,43,62,12,0.6,15,71
昆明,2020-03-01,54,24,40,8,0.7,31,104
昆明,2020-03-02,56,26,41,9,0.6,32,107
昆明,2020-03-03,52,30,47,10,0.6,34,102
昆明,2020-03-04,46,32,38,8,0.7,30,81
昆明,2020-03-05,50,34,44,8,0.6,23,100
昆明,2020-03-06,49,25,39,8,0.5,18,97
昆明,2020-03-07,48,16,26,6,0.4,12,96
昆明,2020-03-08,47,14,28,7,0.4,12,94
昆明,2020-03-09,47,18,29,7,0.4,17,94
昆明,2020-03-10,69,50,64,8,0.7,30,87
昆明,2020-03-11,67,48,73,8,0.8,33,115
昆明,2020-03-12,58,23,43,8,0.6,18,109
昆明,2020-03-13,54,22,42,7,0.5,23,104
广州,2020-03-01,42,19,34,6,0.6,30,84
广州,2020-03-02,35,20,33,6,0.7,28,68
广州,2020-03-03,49,26,48,7,0.8,39,74
广州,2020-03-04,35,6,10,5,0.8,28,46
广州,2020-03-05,39,11,18,6,0.8,31,45
广州,2020-03-06,48,21,38,6,0.7,38,78
广州,2020-03-07,63,23,46,6,0.7,50,39
广州,2020-03-08,40,12,26,6,0.6,32,52
广州,2020-03-09,43,13,28,6,0.6,34,35
广州,2020-03-10,48,12,21,6,0.8,17,95
广州,2020-03-11,54,34,52,8,0.8,43,72
广州,2020-03-12,79,34,68,8,0.9,63,40
广州,2020-03-13,63,26,50,6,0.9,50,25
海口,2020-03-01,25,10,21,3,0.4,9,50
海口,2020-03-02,28,7,17,3,0.4,7,55
海口,2020-03-03,35,9,25,3,0.4,7,69
海口,2020-03-04,38,10,20,3,0.6,7,76
海口,2020-03-05,39,6,16,3,0.6,8,78
海口,2020-03-06,35,8,18,3,0.5,9,69
海口,2020-03-07,35,9,19,3,0.5,10,69
海口,2020-03-08,36,12,24,3,0.5,9,71
海口,2020-03-09,52,22,39,4,0.6,19,102
海口,2020-03-10,47,16,26,4,0.6,12,94
海口,2020-03-11,50,17,41,4,0.7,12,100
海口,2020-03-12,24,12,23,3,0.4,8,48
海口,2020-03-13,22,11,20,3,0.4,10,44
兰州,2020-03-01,58,19,65,10,0.6,19,90
兰州,2020-03-02,58,26,66,14,0.7,36,97
兰州,2020-03-03,63,24,61,16,0.8,47,115
兰州,2020-03-04,79,36,82,23,1.2,63,115
兰州,2020-03-05,64,34,74,21,1,51,114
兰州,2020-03-06,60,30,69,12,1,46,102
兰州,2020-03-07,80,40,93,23,1.3,64,126
兰州,2020-03-08,70,28,90,6,0.4,18,89
兰州,2020-03-09,80,36,109,12,0.6,24,86
兰州,2020-03-10,79,42,108,21,1.3,60,97
兰州,2020-03-11,71,39,92,23,1.1,56,111
兰州,2020-03-12,97,42,143,9,0.6,33,94
兰州,2020-03-13,112,49,174,9,0.6,29,110
西宁,2020-03-01,68,24,85,8,0.6,21,92
西宁,2020-03-02,55,35,60,10,0.9,26,95
西宁,2020-03-03,51,25,51,13,0.9,28,99
西宁,2020-03-04,59,36,67,17,1.3,33,99
西宁,2020-03-05,53,28,56,20,1.5,38,84
西宁,2020-03-06,54,28,58,13,0.9,33,98
西宁,2020-03-07,61,37,72,17,1.3,37,105
西宁,2020-03-08,71,26,91,10,0.6,19,102
西宁,2020-03-09,53,20,56,8,0.6,18,96
西宁,2020-03-10,53,26,55,17,1.1,30,99
西宁,2020-03-11,62,34,74,18,1.2,30,104
西宁,2020-03-12,74,27,98,10,0.5,19,94
西宁,2020-03-13,89,40,127,9,0.7,21,100
呼和浩特,2020-03-01,41,9,28,10,0.6,14,82
呼和浩特,2020-03-02,52,18,54,14,0.8,23,80
呼和浩特,2020-03-03,41,8,15,8,0.5,8,81
呼和浩特,2020-03-04,42,15,24,16,0.7,22,84
呼和浩特,2020-03-05,69,50,80,28,1.2,46,92
呼和浩特,2020-03-06,67,48,73,17,1.2,37,77
呼和浩特,2020-03-07,43,22,40,18,0.9,34,80
呼和浩特,2020-03-08,54,30,57,16,1.2,41,70
呼和浩特,2020-03-09,52,15,54,8,0.5,9,84
呼和浩特,2020-03-10,70,30,90,18,0.7,20,80
呼和浩特,2020-03-11,75,41,100,25,0.9,35,82
呼和浩特,2020-03-12,40,8,24,9,0.4,8,80
呼和浩特,2020-03-13,42,11,34,12,0.5,13,84
乌鲁木齐,2020-03-01,46,32,30,7,1,26,74
乌鲁木齐,2020-03-02,105,79,75,6,1.2,35,66
乌鲁木齐,2020-03-03,112,84,88,9,1.3,30,84
乌鲁木齐,2020-03-04,78,57,58,8,1,20,81
乌鲁木齐,2020-03-05,48,33,28,7,0.8,22,86
乌鲁木齐,2020-03-06,40,24,30,10,0.8,24,80
乌鲁木齐,2020-03-07,36,17,19,6,0.6,14,72
乌鲁木齐,2020-03-08,77,19,104,6,0.7,19,82
乌鲁木齐,2020-03-09,53,24,55,10,0.9,42,82
乌鲁木齐,2020-03-10,55,33,58,12,1,44,76
乌鲁木齐,2020-03-11,55,31,60,9,1.1,37,88
乌鲁木齐,2020-03-12,42,24,33,8,0.8,33,84
乌鲁木齐,2020-03-13,51,21,51,9,0.8,29,78
拉萨,2020-03-01,47,7,19,6,0.5,7,94
拉萨,2020-03-02,57,6,14,6,0.5,8,108
拉萨,2020-03-03,57,8,18,6,0.5,6,108
拉萨,2020-03-04,46,7,13,6,0.6,7,92
拉萨,2020-03-05,46,6,14,6,0.5,7,92
拉萨,2020-03-06,46,7,13,6,0.5,8,92
拉萨,2020-03-07,50,13,47,6,0.4,8,100
拉萨,2020-03-08,64,7,18,6,0.4,8,116
拉萨,2020-03-09,46,7,16,6,0.4,10,91
拉萨,2020-03-10,43,8,16,6,0.5,10,86
拉萨,2020-03-11,55,11,25,6,0.5,11,106
拉萨,2020-03-12,52,7,22,6,0.4,10,102
拉萨,2020-03-13,46,9,32,5,0.4,11,91
南宁,2020-03-01,52,36,54,7,0.7,29,46
南宁,2020-03-02,62,44,60,8,0.9,28,23
南宁,2020-03-03,37,23,37,7,0.7,19,53
南宁,2020-03-04,20,5,8,7,0.8,13,37
南宁,2020-03-05,24,15,24,8,0.7,18,43
南宁,2020-03-06,34,18,25,7,0.9,27,22
南宁,2020-03-07,38,25,38,7,0.8,21,62
南宁,2020-03-08,41,23,40,6,0.6,16,81
南宁,2020-03-09,68,33,53,7,0.7,17,121
南宁,2020-03-10,51,18,30,8,0.8,15,101
南宁,2020-03-11,63,45,59,12,0.9,26,78
南宁,2020-03-12,53,37,52,7,1,33,19
南宁,2020-03-13,45,25,45,8,0.8,25,31
银川,2020-03-01,57,18,63,14,0.6,17,108
银川,2020-03-02,58,20,65,9,0.6,22,92
银川,2020-03-03,43,15,43,10,0.6,16,81
银川,2020-03-04,54,25,53,20,0.8,24,104
银川,2020-03-05,62,39,74,26,1.2,38,100
银川,2020-03-06,60,32,70,16,0.7,30,104
银川,2020-03-07,69,28,87,21,1,35,107
银川,2020-03-08,67,30,83,14,0.7,25,89
银川,2020-03-09,136,46,221,7,0.5,13,96
银川,2020-03-10,57,17,63,8,0.5,17,97
银川,2020-03-11,52,20,54,13,0.6,20,93
银川,2020-03-12,84,29,118,11,0.6,17,80
银川,2020-03-13,48,15,36,9,0.5,14,96
